0,0,0,0,0,0,0,0,0,0,0,0,0,0,0,0,0,0,0,0,0,0,0,0,0,0,0,0,0,0,0,0,0,0,0,0,0,0,0,0,0,0,0,0,0,0,0,0,0,0,0,0,0,0,0,0,0,0,0,0,0,0,0,0,0,0,0,0,0,0,0,0,0,0,0,0,0,0,0,0,0,0,0,0,0,0,0,0,0,0,0,0,0,0,0,0,0,0,0,0,0,0,0,0,0,0,0,0,0,0,0,0,0,0,0,0,0,0,0,0,0,0
0,0,0,0,0,0,0,0,0,0,0,0,0,0,0,0,0,0,0,0,0,0,0,0,0,0,0,0,0,0,0,0,0,0,0,0,0,0,0,0,0,0,0,0,0,0,0,0,0,0,0,0,0,0,0,0,0,0,0,0,0,0,0,0,0,0,0,0,0,0,0,0,0,0,0,0,0,0,0,0,0,0,0,0,0,0,0,0,0,0,0,0,0,0,0,0,0,0,0,0,0,0,0,0,0,0,0,0,0,0,0,0,0,0,0,0,0,0,0,0,0,0
0,0,0,0,0,0,0,0,0,0,0,0,0,0,0,0,0,0,0,0,0,0,0,0,0,0,0,0,0,0,0,0,0,0,0,0,0,0,0,0,0,0,0,0,0,0,0,0,0,0,0,0,0,0,0,0,0,0,0,0,0,0,0,0,0,0,0,0,0,0,0,0,0,0,0,0,0,0,0,0,0,0,0,0,0,0,0,0,0,0,0,0,0,0,0,0,0,0,0,0,0,0,0,0,0,0,0,0,0,0,0,0,0,0,0,0,0,0,0,0,0,0
0,0,0,0,0,0,0,0,0,0,0,0,0,0,0,0,0,0,0,0,0,0,0,0,0,0,0,0,0,0,0,0,0,0,0,0,0,0,0,0,0,0,0,0,0,0,0,0,0,0,0,0,0,0,0,0,0,0,0,0,0,0,0,0,0,0,0,0,0,0,0,0,0,0,0,0,0,0,0,0,0,0,0,0,0,0,0,0,0,0,0,0,0,0,0,0,0,0,0,0,0,0,0,0,0,0,0,0,0,0,0,0,0,0,0,0,0,0,0,0,0,0
0,0,0,0,0,0,0,0,0,0,0,0,0,0,0,0,0,0,0,0,0,0,0,0,0,0,0,0,0,0,0,0,0,0,0,0,0,0,0,0,0,0,0,0,0,0,0,0,0,0,0,0,0,0,0,0,0,0,0,0,0,0,0,0,0,0,0,0,0,0,0,0,0,0,0,0,0,0,0,0,0,0,0,0,0,0,0,0,0,0,0,0,0,0,0,0,0,0,0,0,0,0,0,0,0,0,0,0,0,0,0,0,0,0,0,0,0,0,0,0,0,0
0,0,0,0,0,0,0,0,0,0,0,0,0,0,0,0,0,0,0,0,0,0,0,0,0,0,0,0,0,0,0,0,0,0,0,0,0,0,0,0,0,0,0,0,0,0,0,0,0,0,0,0,0,0,0,0,0,0,0,0,0,0,0,0,0,0,0,0,0,0,0,0,0,0,0,0,0,0,0,0,0,0,0,0,0,0,0,0,0,0,0,0,0,0,0,0,0,0,0,0,0,0,0,0,0,0,0,0,0,0,0,0,0,0,0,0,0,0,0,0,0,0
0,0,0,0,0,0,0,0,0,0,0,0,0,0,0,0,0,0,0,0,0,0,0,0,0,0,0,0,0,0,0,0,0,0,0,0,0,0,0,0,0,0,0,0,0,0,0,0,0,0,0,0,0,0,0,0,0,0,0,0,0,0,0,0,0,0,0,0,0,0,0,0,0,0,0,0,0,0,0,0,0,0,0,0,0,0,0,0,0,0,0,0,0,0,0,0,0,0,0,0,0,0,0,0,0,0,0,0,0,0,0,0,0,0,0,0,0,0,0,0,0,0
0,0,0,0,0,0,0,0,0,0,0,0,0,0,0,0,0,0,0,0,0,0,0,0,0,0,0,0,0,0,0,0,0,0,0,0,0,0,0,0,0,0,0,0,0,0,0,0,0,0,0,0,0,0,0,0,0,0,0,0,0,0,0,0,0,0,0,0,0,0,0,0,0,0,0,0,0,0,0,0,0,0,0,0,0,0,0,0,0,0,0,0,0,0,0,0,0,0,0,0,0,0,0,0,0,0,0,0,0,0,0,0,0,0,0,0,0,0,0,0,0,0
0,0,0,0,0,0,0,0,0,0,0,0,0,0,0,0,0,0,0,0,0,0,0,0,0,0,0,0,0,0,0,0,0,0,0,0,0,0,0,0,0,0,0,0,0,0,0,0,0,0,0,0,0,0,0,0,0,0,0,0,0,0,0,0,0,0,0,0,0,0,0,0,0,0,0,0,0,0,0,0,0,0,0,0,0,0,0,0,0,0,0,0,0,0,0,0,0,0,0,0,0,0,0,0,0,0,0,0,0,0,0,0,0,0,0,0,0,0,0,0,0,0
0,0,0,0,0,0,0,0,0,0,0,0,0,0,0,0,0,0,0,0,0,0,0,0,0,0,0,0,0,0,0,0,0,0,0,0,0,0,0,0,0,0,0,0,0,0,0,0,0,0,0,0,0,0,0,0,0,0,0,0,0,0,0,0,0,0,0,0,0,0,0,0,0,0,0,0,0,0,0,0,0,0,0,0,0,0,0,0,0,0,0,0,0,0,0,0,0,0,0,0,0,0,0,0,0,0,0,0,0,0,0,0,0,0,0,0,0,0,0,0,0,0
0,0,0,0,0,0,0,0,0,0,0,0,0,0,0,0,0,0,0,0,0,0,0,0,0,0,0,0,0,0,0,0,0,0,0,0,0,0,0,0,0,0,0,0,0,0,0,0,0,0,0,0,0,0,0,0,0,0,0,0,0,0,0,0,0,0,0,0,0,0,0,0,0,0,0,0,0,0,0,0,0,0,0,0,0,0,0,0,0,0,0,0,0,0,0,0,0,0,0,0,0,0,0,0,0,0,0,0,0,0,0,0,0,0,0,0,0,0,0,0,0,0
0,0,0,0,0,0,0,0,0,0,0,0,0,0,0,0,0,0,0,0,0,0,0,0,0,0,0,0,0,0,0,0,0,0,0,0,0,0,0,0,0,0,0,0,0,0,0,0,0,0,0,0,0,0,0,0,0,0,0,0,0,0,0,0,0,0,0,0,0,0,0,0,0,0,0,0,0,0,0,0,0,0,0,0,0,0,0,0,0,0,0,0,0,0,0,0,0,0,0,0,0,0,0,0,0,0,0,0,0,0,0,0,0,0,0,0,0,0,0,0,0,0
0,0,0,0,0,0,0,0,0,0,0,0,0,0,0,0,0,0,0,0,0,0,0,0,0,0,0,0,0,0,0,0,0,0,0,0,0,0,0,0,0,0,0,0,0,0,0,0,0,0,0,0,0,0,0,0,0,0,0,0,0,0,0,0,0,0,0,0,0,0,0,0,0,0,0,0,0,0,0,0,0,0,0,0,0,0,0,0,0,0,0,0,0,0,0,0,0,0,0,0,0,0,0,0,0,0,0,0,0,0,0,0,0,0,0,0,0,0,0,0,0,0
0,0,0,0,0,0,0,0,0,0,0,0,0,0,0,0,0,0,0,0,0,0,0,0,0,0,0,0,0,0,0,0,0,0,0,0,0,0,0,0,0,0,0,0,0,0,0,0,0,0,0,0,0,0,0,0,0,0,0,0,0,0,0,0,0,0,0,0,0,0,0,0,0,0,0,0,0,0,0,0,0,0,0,0,0,0,0,0,0,0,0,0,0,0,0,0,0,0,0,0,0,0,0,0,0,0,0,0,0,0,0,0,0,0,0,0,0,0,0,0,0,0
0,0,0,0,0,0,0,0,0,0,0,0,0,0,0,0,0,0,0,0,0,0,0,0,0,0,0,0,0,0,0,0,0,0,0,0,0,0,0,0,0,0,0,0,0,0,0,0,0,0,0,0,0,0,0,0,0,0,0,0,0,0,0,0,0,0,0,0,0,0,0,0,0,0,0,0,0,0,0,0,0,0,0,0,0,0,0,0,0,0,0,0,0,0,0,0,0,0,0,0,0,0,0,0,0,0,0,0,0,0,0,0,0,0,0,0,0,0,0,0,0,0
0,0,0,0,0,0,0,0,0,0,0,0,0,0,0,0,0,0,0,0,0,0,0,0,0,0,0,0,0,0,0,0,0,0,0,0,0,0,0,0,0,0,0,0,0,0,0,0,0,0,0,0,0,0,0,0,0,0,0,0,0,0,0,0,0,0,0,0,0,0,0,0,0,0,0,0,0,0,0,0,0,0,0,0,0,0,0,0,0,0,0,0,0,0,0,0,0,0,0,0,0,0,0,0,0,0,0,0,0,0,0,0,0,0,0,0,0,0,0,0,0,0
0,0,0,0,0,0,0,0,0,0,0,0,0,0,0,0,0,0,0,0,0,0,0,0,0,0,0,0,0,0,0,0,0,0,0,0,0,0,0,0,0,0,0,0,0,0,0,0,0,0,0,0,0,0,0,0,0,0,0,0,0,0,0,0,0,0,0,0,0,0,0,0,0,0,0,0,0,0,0,0,0,0,0,0,0,0,0,0,0,0,0,0,0,0,0,0,0,0,0,0,0,0,0,0,0,0,0,0,0,0,0,0,0,0,0,0,0,0,0,0,0,0
0,0,0,0,0,0,0,0,0,0,0,0,0,0,0,0,0,0,0,0,0,0,0,0,0,0,0,0,0,0,0,0,0,0,0,0,0,0,0,0,0,0,0,0,0,0,0,0,0,0,0,0,0,0,0,0,0,0,0,0,0,0,0,0,0,0,0,0,0,0,0,0,0,0,0,0,0,0,0,0,0,0,0,0,0,0,0,0,0,0,0,0,0,0,0,0,0,0,0,0,0,0,0,0,0,0,0,0,0,0,0,0,0,0,0,0,0,0,0,0,0,0
0,0,0,0,0,0,0,0,0,0,0,0,0,0,0,0,0,0,0,0,0,0,0,0,0,0,0,0,0,0,0,0,0,0,0,0,0,0,0,0,0,0,0,0,0,0,0,0,0,0,0,0,0,0,0,0,0,0,0,0,0,0,0,0,0,0,0,0,0,0,0,0,0,0,0,0,0,0,0,0,0,0,0,0,0,0,0,0,0,0,0,0,0,0,0,0,0,0,0,0,0,0,0,0,0,0,0,0,0,0,0,0,0,0,0,0,0,0,0,0,0,0
0,0,0,0,0,0,0,0,0,0,0,0,0,0,0,0,0,0,0,0,0,0,0,0,0,0,0,0,0,0,0,0,0,0,0,0,0,0,0,0,0,0,0,0,0,0,0,0,0,0,0,0,0,0,0,0,0,0,0,0,0,0,0,0,0,0,0,0,0,0,0,0,0,0,0,0,0,0,0,0,0,0,0,0,0,0,0,0,0,0,0,0,0,0,0,0,0,0,0,0,0,0,0,0,0,0,0,0,0,0,0,0,0,0,0,0,0,0,0,0,0,0
0,0,0,0,0,0,0,0,0,0,0,0,0,0,0,0,0,0,0,0,0,0,0,0,0,0,0,0,0,0,0,0,0,0,0,0,0,0,0,0,0,0,0,0,0,0,0,0,0,0,0,0,0,0,0,0,0,0,0,0,0,0,0,0,0,0,0,0,0,0,0,0,0,0,0,0,0,0,0,0,0,0,0,0,0,0,0,0,0,0,0,0,0,0,0,0,0,0,0,0,0,0,0,0,0,0,0,0,0,0,0,0,0,0,0,0,0,0,0,0,0,0
0,0,0,0,0,0,0,0,0,0,0,0,0,0,0,0,0,0,0,0,0,0,0,0,0,0,0,0,0,0,0,0,0,0,0,0,0,0,0,0,0,0,0,0,0,0,0,0,0,0,0,0,0,0,0,0,0,0,0,0,0,0,0,0,0,0,0,0,0,0,0,0,0,0,0,0,0,0,0,0,0,0,0,0,0,0,0,0,0,0,0,0,0,0,0,0,0,0,0,0,0,0,0,0,0,0,0,0,0,0,0,0,0,0,0,0,0,0,0,0,0,0
0,0,0,0,0,0,0,0,0,0,0,0,0,0,0,0,0,0,0,0,0,0,0,0,0,0,0,0,0,0,0,0,0,0,0,0,0,0,0,0,0,0,0,0,0,0,0,0,0,0,0,0,0,0,0,0,0,0,0,0,0,0,0,0,0,0,0,0,0,0,0,0,0,0,0,0,0,0,0,0,0,0,0,0,0,0,0,0,0,0,0,0,0,0,0,0,0,0,0,0,0,0,0,0,0,0,0,0,0,0,0,0,0,0,0,0,0,0,0,0,0,0
0,0,0,0,0,0,0,0,0,0,0,0,0,0,0,0,0,0,0,0,0,0,0,0,0,0,0,0,0,0,0,0,0,0,0,0,0,0,0,0,0,0,0,0,0,0,0,0,0,0,0,0,0,0,0,0,0,0,0,0,0,0,0,0,0,0,0,0,0,0,0,0,0,0,0,0,0,0,0,0,0,0,0,0,0,0,0,0,0,0,0,0,0,0,0,0,0,0,0,0,0,0,0,0,0,0,0,0,0,0,0,0,0,0,0,0,0,0,0,0,0,0
0,0,0,0,0,0,0,0,0,0,0,0,0,0,0,0,0,0,0,0,0,0,0,0,0,0,0,0,0,0,0,0,0,0,0,0,0,0,0,0,0,0,0,0,0,0,0,0,0,0,0,0,0,0,0,0,0,0,0,0,0,0,0,0,0,0,0,0,0,0,0,0,0,0,0,0,0,0,0,0,0,0,0,0,0,0,0,0,0,0,0,0,0,0,0,0,0,0,0,0,0,0,0,0,0,0,0,0,0,0,0,0,0,0,0,0,0,0,0,0,0,0
0,0,0,0,0,0,0,0,0,0,0,0,0,0,0,0,0,0,0,0,0,0,0,0,0,0,0,0,0,0,0,0,0,0,0,0,0,0,0,0,0,0,0,0,0,0,0,0,0,0,0,0,0,0,0,0,0,0,0,0,0,0,0,0,0,0,0,0,0,0,0,0,0,0,0,0,0,0,0,0,0,0,0,0,0,0,0,0,0,0,0,0,0,0,0,0,0,0,0,0,0,0,0,0,0,0,0,0,0,0,0,0,0,0,0,0,0,0,0,0,0,0
0,0,0,0,0,0,0,0,0,0,0,0,0,0,0,0,0,0,0,0,0,0,0,0,0,0,0,0,0,0,0,0,0,0,0,0,0,0,0,0,0,0,0,0,0,0,0,0,0,0,0,0,0,0,0,0,0,0,0,0,0,0,0,0,0,0,0,0,0,0,0,0,0,0,0,0,0,0,0,0,0,0,0,0,0,0,0,0,0,0,0,0,0,0,0,0,0,0,0,0,0,0,0,0,0,0,0,0,0,0,0,0,0,0,0,0,0,0,0,0,0,0
0,0,0,0,0,0,0,0,0,0,0,0,0,0,0,0,0,0,0,0,0,0,0,0,0,0,0,0,0,0,0,0,0,0,0,0,0,0,0,0,0,0,0,0,0,0,0,0,0,0,0,0,0,0,0,0,0,0,0,0,0,0,0,0,0,0,0,0,0,0,0,0,0,0,0,0,0,0,0,0,0,0,0,0,0,0,0,0,0,0,0,0,0,0,0,0,0,0,0,0,0,0,0,0,0,0,0,0,0,0,0,0,0,0,0,0,0,0,0,0,0,0
0,0,0,0,0,0,0,0,0,0,0,0,0,0,0,0,0,0,0,0,0,0,0,0,0,0,0,0,0,0,0,0,0,0,0,0,0,0,0,0,0,0,0,0,0,0,0,0,0,0,0,0,0,0,0,0,0,0,0,0,0,0,0,0,0,0,0,0,0,0,0,0,0,0,0,0,0,0,0,0,0,0,0,0,0,0,0,0,0,0,0,0,0,0,0,0,0,0,0,0,0,0,0,0,0,0,0,0,0,0,0,0,0,0,0,0,0,0,0,0,0,0
0,0,0,0,0,0,0,0,0,0,0,0,0,0,0,0,0,0,0,0,0,0,0,0,0,0,0,0,0,0,0,0,0,0,0,0,0,0,0,0,0,0,0,0,0,0,0,0,0,0,0,0,0,0,0,0,0,0,0,0,0,0,0,0,0,0,0,0,0,0,0,0,0,0,0,0,0,0,0,0,0,0,0,0,0,0,0,0,0,0,0,0,0,0,0,0,0,0,0,0,0,0,0,0,0,0,0,0,0,0,0,0,0,0,0,0,0,0,0,0,0,0
0,0,0,0,0,0,0,0,0,0,0,0,0,0,0,0,0,0,0,0,0,0,0,0,0,0,0,0,0,0,0,0,0,0,0,0,0,0,0,0,0,0,0,0,0,0,0,0,0,0,0,0,0,0,0,0,0,0,0,0,0,0,0,0,0,0,0,0,0,0,0,0,0,0,0,0,0,0,0,0,0,0,0,0,0,0,0,0,0,0,0,0,0,0,0,0,0,0,0,0,0,0,0,0,0,0,0,0,0,0,0,0,0,0,0,0,0,0,0,0,0,0
0,0,0,0,0,0,0,0,0,0,0,0,0,0,0,0,0,0,0,0,0,0,0,0,0,0,0,0,0,0,0,0,0,0,0,0,0,0,0,0,0,0,0,0,0,0,0,0,0,0,0,0,0,0,0,0,0,0,0,0,0,0,0,0,0,0,0,0,0,0,0,0,0,0,0,0,0,0,0,0,0,0,0,0,0,0,0,0,0,0,0,0,0,0,0,0,0,0,0,0,0,0,0,0,0,0,0,0,0,0,0,0,0,0,0,0,0,0,0,0,0,0
0,0,0,0,0,0,0,0,0,0,0,0,0,0,0,0,0,0,0,0,0,0,0,0,0,0,0,0,0,0,0,0,0,0,0,0,0,0,0,0,0,0,0,0,0,0,0,0,0,0,0,0,0,0,0,0,0,0,0,0,0,0,0,0,0,0,0,0,0,0,0,0,0,0,0,0,0,0,0,0,0,0,0,0,0,0,0,0,0,0,0,0,0,0,0,0,0,0,0,0,0,0,0,0,0,0,0,0,0,0,0,0,0,0,0,0,0,0,0,0,0,0
0,0,0,0,0,0,0,0,0,0,0,0,0,0,0,0,0,0,0,0,0,0,0,0,0,0,0,0,0,0,0,0,0,0,0,0,0,0,0,0,0,0,0,0,0,0,0,0,0,0,0,0,0,0,0,0,0,0,0,0,0,0,0,0,0,0,0,0,0,0,0,0,0,0,0,0,0,0,0,0,0,0,0,0,0,0,0,0,0,0,0,0,0,0,0,0,0,0,0,0,0,0,0,0,0,0,0,0,0,0,0,0,0,0,0,0,0,0,0,0,0,0
0,0,0,0,0,0,0,0,0,0,0,0,0,0,0,0,0,0,6.591673732008658,0,0,0,0,0,0,0,0,0,0,0,0,0,0,0,0,0,0,0,0,0,0,0,0,0,0,0,0,0,0,0,0,0,0,0,0,0,0,0,0,0,0,0,0,0,0,0,0,0,0,0,0,0,0,0,0,0,0,0,0,0,0,0,0,0,0,0,0,0,0,0,0,0,0,0,0,0,0,0,0,0,0,0,0,0,0,0,0,0,0,0,0,0,0,0,0,0,0,0,0,0,0,0
0,0,0,0,0,0,0,0,0,0,0,0,0,0,0,0,0,0,10.9861228866811,-1.238078416812447,0,0,0,0,0,0,0,0,0,0,0,0,0,0,0,0,0,0,0,0,0,0,0,0,0,0,0,0,0,0,0,0,0,0,0,0,0,0,0,0,0,0,0,0,0,0,0,0,0,0,0,0,0,0,0,0,0,0,0,0,0,0,0,0,0,0,0,0,0,0,0,0,0,0,0,0,0,0,0,0,0,0,0,0,0,0,0,0,0,0,0,0,0,0,0,0,0,0,0,0,0,0
0,0,0,0,0,0,0,0,0,0,0,0,0,0,0,0,0,0,-1.857117625218671,-2.476156833624894,0,0,0,0,0,0,0,0,0,0,0,0,0,0,0,0,0,0,0,0,0,0,0,0,0,0,0,0,0,0,0,0,0,0,0,0,0,0,0,0,0,0,0,0,0,0,0,0,0,0,0,0,0,0,0,0,0,0,0,0,0,0,0,0,0,0,0,0,0,0,0,0,0,0,0,0,0,0,0,0,0,0,0,0,0,0,0,0,0,0,0,0,0,0,0,0,0,0,0,0,0,0
0,0,0,0,0,2.19722457733622,0,0,0,0,0,0,0,0,0,0,0,0,0,-3.095196042031118,-1.238078416812447,0,0,0,0,0,0,0,0,0,0,0,0,0,0,0,0,0,0,0,0,0,0,0,0,0,0,0,0,0,0,0,0,0,0,0,0,0,0,0,0,0,0,0,0,0,0,0,0,0,0,0,0,0,0,0,0,0,0,0,0,0,0,0,0,0,0,0,0,0,0,0,0,0,0,0,0,0,0,0,0,0,0,0,0,0,0,0,0,0,0,0,0,0,0,0,0,0,0,0,0,0
0,0,0,0,0,10.9861228866811,5.972634523602435,0,0,0,0,0,0,0,0,0,0,0,0,-1.857117625218671,-2.476156833624894,0,0,0,0,0,0,0,0,0,0,0,0,0,0,0,0,0,0,0,0,0,0,0,0,0,0,0,0,0,0,0,0,0,0,0,0,32.95836866004328,15.38057204135354,0,0,0,0,0,0,0,0,0,0,0,0,0,0,0,0,0,0,0,0,0,0,0,0,0,0,0,0,0,0,0,0,0,0,0,0,0,0,0,0,0,0,0,0,0,0,0,0,0,0,0,0,0,0,0,0,0,0,0,0,0,0,0
0,0,0,0,0,0,-3.095196042031118,7.890926844649981,-0.6190392084062235,0,0,0,0,0,0,0,0,0,0,0,-3.095196042031118,-1.238078416812447,0,0,0,0,0,0,0,0,0,0,0,0,0,0,0,0,0,0,0,0,0,0,0,0,0,0,0,0,0,0,0,0,0,0,2.19722457733622,48.6790476535144,28.9040264574884,24.16947035069841,13.18334746401732,0,0,0,0,0,0,0,0,4.394449154672439,2.19722457733622,0,0,0,0,0,0,0,0,0,0,0,0,0,0,0,0,0,0,0,0,0,0,0,0,0,0,0,0,0,0,0,0,0,0,0,0,0,0,0,0,0,0,0,0,0,0,0,0,0,0,0
0,0,0,0,0,0,0,6.931780684126208,-6.80943129246846,-2.476156833624894,0,0,0,0,0,0,0,0,0,0,-1.857117625218671,-2.476156833624894,0,0,0,0,0,0,0,0,0,0,0,0,0,0,0,0,0,0,0,0,0,0,0,0,0,0,0,0,0,0,0,0,0,0,24.16947035069841,17.08110680194127,-13.61886258493691,1.020320856352647,14.76153283294732,4.394449154672439,0,0,0,0,0,0,0,-1.238078416812447,1.578185368929996,0,0,0,0,0,0,0,0,0,0,0,0,0,0,0,0,0,0,0,0,0,0,0,0,0,0,0,0,0,0,0,0,0,0,0,0,0,0,0,0,0,0,0,0,0,0,0,0,0,0,0
0,0,0,0,0,0,0,0,-2.476156833624894,-6.190392084062236,-2.476156833624894,0,0,0,0,0,0,0,0,0,-1.238078416812447,-1.857117625218671,-1.238078416812447,0,0,0,0,0,0,0,0,0,0,0,0,0,0,0,0,0,0,0,0,0,0,0,0,0,0,0,0,0,0,0,0,0,63.10047353434417,66.87588348061038,34.9378356769197,8.850073005173755,16.95875741028353,17.57779661868976,74.70563562943147,21.97224577336219,0,0,0,0,-1.238078416812447,-0.6190392084062235,-0.6190392084062235,2.19722457733622,0,0,0,0,0,0,0,0,0,0,0,0,0,0,0,0,0,0,0,0,0,0,0,0,0,0,0,0,0,0,0,0,0,0,0,0,0,0,0,0,0,0,0,0,0,0,0,0,0,0
0,2.19722457733622,0,0,0,0,0,0,0,-2.476156833624894,-6.80943129246846,-4.333274458843565,0,0,0,0,0,0,0,0,0,-1.857117625218671,-1.857117625218671,0,0,0,0,0,0,0,0,0,0,0,0,0,0,0,0,0,0,0,0,0,0,8.788898309344878,2.19722457733622,0,0,0,0,0,0,0,0,61.52228816541417,38.03303171895082,32.80178579541237,-17.61203009166293,-6.748256596639587,55.27072138552305,82.87549473037011,8.693490140542838,9.469112213579979,10.9861228866811,0,2.19722457733622,0,-1.238078416812447,-1.238078416812447,-0.6190392084062235,2.19722457733622,2.19722457733622,0,0,0,0,0,0,0,0,0,0,0,0,0,0,0,0,0,0,0,0,0,0,0,0,0,0,0,0,0,0,0,0,0,0,0,0,0,0,0,0,0,0,0,0,0,0,0,0,0
0,0,-0.6190392084062235,1.578185368929996,0,0,0,0,0,0,-1.857117625218671,-4.333274458843565,-5.571352875656013,-2.476156833624894,0,0,0,0,0,0,0,-1.857117625218671,-1.857117625218671,-1.238078416812447,0,0,0,0,0,0,0,0,0,0,0,0,0,0,0,0,0,0,0,0,0,30.76114408270707,3.49647768997754,32.95836866004328,24.16947035069841,17.57779661868976,0,0,0,0,10.9861228866811,57.46794596285928,-15.47598021015558,-23.5234899194365,-22.28541150262405,58.42709212338306,93.86161761705118,24.07406218189634,-24.14252912784272,8.788898309344878,0,0,-0.6190392084062235,2.19722457733622,-1.857117625218671,-0.6190392084062235,-0.6190392084062235,-0.6190392084062235,0,0,0,0,0,0,0,0,0,0,0,0,0,0,0,0,0,0,0,0,0,0,0,0,0,0,0,0,0,0,0,0,0,0,0,0,0,0,0,0,0,0,0,0,0,0,0,0,0,0
2.19722457733622,0,0,0,-1.238078416812447,-1.238078416812447,0,0,0,0,0,-0.6190392084062235,-3.095196042031118,-6.190392084062236,-2.476156833624894,0,0,0,0,0,0,0,-1.857117625218671,-1.857117625218671,0,0,0,0,0,0,0,0,0,0,0,0,0,0,0,0,0,0,0,0,15.38057204135354,29.52306566589462,21.0742743086673,28.9040264574884,-10.5236665429058,18.53694277921353,13.52345441613487,10.9861228866811,4.394449154672439,0,35.15559323737951,9.809219165697531,-21.0473330858116,-19.80925466899915,-25.9996467530614,-22.28541150262405,91.04535383130874,-27.23772516987385,-8.48302483020051,4.394449154672439,-0.6190392084062235,1.578185368929996,-1.238078416812447,-2.476156833624894,0.9591461605237726,-0.6190392084062235,-0.6190392084062235,-0.6190392084062235,0,0,0,0,0,0,0,0,0,0,0,0,0,0,0,0,0,0,0,0,0,0,0,0,0,0,0,0,0,0,0,0,0,0,0,0,0,0,0,0,0,0,0,0,0,0,0,0,0,0
19.77502119602597,-1.517010673101121,-0.6190392084062235,0,0,0,-1.238078416812447,-1.238078416812447,0,0,0,0,0,-2.476156833624894,-6.190392084062236,-3.095196042031118,0,0,0,0,0,0,-1.857117625218671,-1.238078416812447,-1.238078416812447,0,0,0,0,0,0,0,0,0,0,0,0,0,0,0,0,0,0,0,39.55004239205195,-4.891138971420915,9.809219165697526,21.0742743086673,28.00605499279349,-14.85694100174936,-11.14270575131202,10.70719063039243,15.38057204135354,15.38057204135354,30.76114408270707,44.90363770724817,20.85651674820748,-17.95213704378048,-25.38060754465517,-22.90445071103028,-27.85676437828007,-27.23772516987385,-6.28580025286429,16.95875741028353,-0.6190392084062235,0.340106952117549,42.70641312991194,0.340106952117549,0.9591461605237726,-0.6190392084062235,-0.6190392084062235,0,0,0,0,0,0,0,0,0,0,0,0,0,0,0,0,0,0,0,0,0,0,0,0,0,0,0,0,0,0,0,0,0,0,0,0,0,0,0,0,0,0,0,0,0,0,0,0,0,0,0
37.35281781471573,-9.285588126093353,-5.571352875656013,-4.333274458843565,-0.6190392084062235,0,0,0,-1.238078416812447,0,0,0,0,0,-2.476156833624894,-5.571352875656013,-4.333274458843565,-0.6190392084062235,0,0,0,0,0,-1.857117625218671,-1.857117625218671,0,0,0,0,0,0,0,0,0,0,0,0,0,0,0,0,0,0,0,37.35281781471573,22.03342046919107,-3.931992810897142,32.67943640375461,21.41438126078484,-13.61886258493691,-15.47598021015558,11.4485792304564,58.70602437967172,39.27111013576328,33.91751482056706,58.70602437967172,-16.71405862696803,-19.19021546059293,-22.90445071103028,-19.4691477168816,17.203456193599,-27.23772516987385,-23.5234899194365,14.76153283294732,36.73377860630951,16.1219606414175,21.41438126078485,48.6790476535144,-1.238078416812447,-0.6190392084062235,-0.6190392084062235,0,0,0,0,0,0,0,0,0,0,0,0,0,0,0,0,0,0,0,0,0,0,0,0,0,0,0,0,0,0,0,0,0,0,0,0,0,0,0,0,0,0,0,0,0,0,0,0,0,0,0
0,-2.476156833624894,-4.891138971420913,-9.285588126093353,-5.571352875656013,-4.333274458843565,-0.6190392084062235,0,0,-1.238078416812447,-1.238078416812447,0,0,0,0,-1.857117625218671,-3.714235250437341,-4.952313667249789,-2.476156833624894,0,0,0,0,-1.857117625218671,-0.6190392084062235,-1.238078416812447,0,0,0,0,0,0,0,0,0,0,0,0,0,0,0,0,0,0,2.19722457733622,19.15598198761975,7.271887636243756,-4.891138971420914,41.74726696938817,-12.38078416812447,-12.38078416812447,-14.23790179334314,-16.0950194185618,-17.95213704378048,24.29181974235615,36.85612799796729,0.2446987833154946,-9.442170990724279,-14.11555240168538,86.99101162875387,100.7933983011774,-28.4758035866863,-19.74807997317027,21.69331351707352,14.88388222460506,40.5703632484046,-10.18355959078825,34.53655402897328,-0.6190392084062235,-0.6190392084062235,0,0,0,0,0,0,0,0,0,0,0,0,0,0,0,0,0,0,0,0,0,0,0,0,0,0,0,0,0,0,0,0,0,0,0,0,0,0,0,0,0,0,0,0,0,0,0,0,0,0,0,0
0,0,0,-0.2789322562886745,-10.5236665429058,-9.285588126093353,-5.571352875656013,-4.333274458843565,-0.6190392084062235,0,0,-1.238078416812447,-1.238078416812447,0,0,0,-1.857117625218671,-3.095196042031118,-3.714235250437341,-3.095196042031118,0,0,0,-1.238078416812447,-0.6190392084062235,-1.857117625218671,-0.6190392084062235,0,0,0,0,0,0,0,0,0,0,0,0,0,0,0,0,0,0,0,8.788898309344878,0,28.56391950537085,-8.66654891768713,-9.285588126093353,-12.38078416812447,7.673169284190181,59.04613133178928,-21.66637229421783,-21.0473330858116,10.27167550947284,-4.149750371356943,-2.850497258715622,25.99235450294387,-29.37377505138119,-31.57099962871742,112.3985603962647,104.228701295326,7.734343980019056,-16.0950194185618,-12.65971642441314,39.89014934416949,-0.6190392084062235,0,0,0,0,0,0,0,0,0,0,0,0,0,0,0,0,0,0,0,0,0,0,0,0,0,0,0,0,0,0,0,0,0,0,0,0,0,0,0,0,0,0,0,0,0,0,0,0,0,0,0,0,0
0,0,0,0,2.19722457733622,-0.897971464694898,-10.5236665429058,-9.285588126093353,-5.571352875656013,-4.333274458843565,-1.857117625218671,0,0,-1.238078416812447,-0.6190392084062235,0,0,-1.857117625218671,-3.095196042031118,-3.095196042031118,-3.714235250437341,-0.6190392084062235,0,0,-1.857117625218671,-0.6190392084062235,-1.238078416812447,0,0,0,0,0,0,0,0,0,0,0,0,0,0,0,0,0,0,0,0,15.38057204135354,27.94488029696463,20.11512814814353,-6.190392084062236,-2.755089089913569,70.31118647475904,44.6247054509595,-21.66637229421783,-22.28541150262405,-19.80925466899915,-24.14252912784272,-25.38060754465517,-27.51665742616252,-31.57099962871742,-32.80907804552987,-34.04715646234231,-23.12220827149008,-25.9996467530614,-18.5711762521867,-17.33309783537425,47.71990149299062,-0.6190392084062235,0,0,0,0,0,0,0,0,0,0,0,0,0,0,0,0,0,0,0,0,0,0,0,0,0,0,0,0,0,0,0,0,0,0,0,0,0,0,0,0,0,0,0,0,0,0,0,0,0,0,0,0,0
0,0,0,0,0,0,-0.6190392084062235,-3.714235250437341,-10.5236665429058,-9.285588126093353,-6.80943129246846,-4.333274458843565,-1.857117625218671,0,-0.6190392084062235,-1.238078416812447,0,0,-0.6190392084062235,-2.476156833624894,-2.476156833624894,-4.333274458843565,-1.238078416812447,0,-1.238078416812447,-0.6190392084062235,-1.857117625218671,-0.6190392084062235,0,0,0,0,0,0,0,0,0,0,0,0,0,0,0,0,0,0,0,0,0,17.57779661868976,19.77502119602597,19.77502119602597,61.52228816541417,49.35926155774949,37.13506025425592,-20.42829387740538,-21.66637229421783,-24.76156833624895,75.66478178995524,64.80100829493195,-34.66619567074853,-33.42811725393609,-35.28523487915475,-36.52331329596719,9.992743253184157,-11.02035635965428,-14.17672709751426,64.05961969486793,54.9306144334055,0,0,0,0,0,0,0,0,0,0,0,0,0,0,0,0,0,0,0,0,0,0,0,0,0,0,0,0,0,0,0,0,0,0,0,0,0,0,0,0,0,0,0,0,0,0,0,0,0,0,0,0,0
0,0,0,0,0,0,0,0,0,-3.095196042031118,-9.285588126093353,-9.285588126093353,-3.374128298319793,-4.333274458843565,-1.857117625218671,0,-1.238078416812447,-0.6190392084062235,0,-0.6190392084062235,-1.857117625218671,-1.857117625218671,-3.714235250437341,-2.476156833624894,0,-1.857117625218671,-0.6190392084062235,-1.238078416812447,0,0,0,0,0,0,0,0,0,0,0,0,0,0,0,0,0,0,0,0,0,0,0,17.57779661868976,13.18334746401732,43.0465200820295,2.999787873229065,-17.95213704378048,-20.42829387740538,-24.14252912784272,45.36609405102347,28.12840438445122,-29.09484279509252,-35.90427408756097,-37.14235250437341,-34.66619567074853,92.00449999183252,35.89698183744352,-20.42829387740538,44.34577319467084,57.12783901074172,0,0,0,0,0,0,0,0,0,0,0,0,0,0,0,0,0,0,0,0,0,0,0,0,0,0,0,0,0,0,0,0,0,0,0,0,0,0,0,0,0,0,0,0,0,0,0,0,0,0,0,0,0
0,0,0,0,0,0,0,0,0,0,0,0.340106952117549,12.00644374303375,6.992955379955082,-8.66654891768713,-3.714235250437341,-3.095196042031118,0.9591461605237726,3.156370737859992,5.972634523602435,-0.6190392084062235,10.9861228866811,2.537331529453769,-3.095196042031118,-3.095196042031118,5.353595315196212,6.591673732008658,-1.238078416812447,-0.6190392084062235,0,0,0,0,0,0,0,0,0,0,0,0,0,0,0,0,0,0,0,0,0,0,2.19722457733622,0,46.14171612406061,29.64541505755239,-21.66637229421783,56.84890675445306,52.17552534349195,-27.85676437828007,-31.57099962871742,-32.80907804552987,-35.28523487915475,-19.0066913731063,81.75976570521541,106.7660328247798,13.0267645993864,-16.0950194185618,35.49570018949706,26.36669492803463,0,0,0,0,0,0,0,0,0,0,0,0,0,0,0,0,0,0,0,0,0,0,0,0,0,0,0,0,0,0,0,0,0,0,0,0,0,0,0,0,0,0,0,0,0,0,0,0,0,0,0,0,0
0,0,0,0,0,0,0,0,0,0,0,0,0,10.70719063039243,-0.8367967688660234,9.190179957291303,-9.285588126093353,-3.714235250437341,5.693702267313761,1.299253112641322,65.91673732008661,26.36669492803463,10.9861228866811,-3.714235250437341,-3.095196042031118,1.020320856352646,5.353595315196212,-0.6190392084062235,0.9591461605237726,0,0,0,0,0,0,0,0,0,0,0,0,0,0,0,0,0,0,0,0,0,0,0,-0.6190392084062235,-0.6190392084062235,38.31196397523951,49.08032930146084,53.75371071242195,55.88976059392927,34.65890342063102,-30.9519604203112,-32.80907804552987,-37.14235250437341,-28.69356114714611,100.8545729970062,-25.04050059253763,-10.12238489495937,12.68665764726885,30.76114408270707,0,0,0,0,0,0,0,0,0,0,0,0,0,0,0,0,0,0,0,0,0,0,0,0,0,0,0,0,0,0,0,0,0,0,0,0,0,0,0,0,0,0,0,0,0,0,0,0,0,0,0,0,0,0
0,0,0,0,0,0,0,0,0,0,0,0,0,0,0,-3.993167506726016,-4.891138971420915,-10.5236665429058,-8.047509709280908,-5.571352875656013,6.652848427837533,-13.55768788910803,-18.5711762521867,-7.428470500874684,-0.2789322562886745,0.9591461605237726,7.271887636243756,6.312741475719985,0.9591461605237726,1.578185368929996,10.9861228866811,10.9861228866811,0,0,0,0,0,0,0,0,0,0,0,0,0,0,0,0,0,0,0,0,8.788898309344878,6.931780684126207,8.57114074888508,63.10047353434417,52.85573924772707,71.61043958740035,59.6651705401955,50.10065015781351,-28.13569663456875,-35.28523487915475,-40.23754854640452,-32.12886414129477,44.68588014678841,5.13583775473641,-11.76174495971824,52.73338985606928,0,0,0,0,0,0,0,0,0,0,0,0,0,0,0,0,0,0,0,0,0,0,0,0,0,0,0,0,0,0,0,0,0,0,0,0,0,0,0,0,0,0,0,0,0,0,0,0,0,0,0,0,0,0
0,0,0,0,0,0,0,0,0,0,0,4.394449154672439,-1.238078416812447,-1.238078416812447,0,0,2.19722457733622,3.217545433688866,13.92473606408129,5.47594470685396,-10.5236665429058,-7.428470500874684,-8.66654891768713,-19.19021546059293,-16.71405862696803,69.69214726635282,39.55004239205195,0.06117469582887414,1.299253112641321,0.340106952117549,12.5643082556111,5.353595315196212,6.591673732008658,0,0,0,0,0,0,0,0,0,0,0,0,0,0,0,0,0,0,0,0,15.44174673718241,27.38701578438728,28.9040264574884,25.25096590287993,49.97830076615572,54.37274992082817,125.2418009081644,124.6227616997582,116.5140772946484,-34.66619567074853,124.9628686518757,92.96364615235629,43.94449154672439,32.95836866004328,24.16947035069841,0,0,0,0,15.38057204135354,17.57779661868976,24.16947035069841,21.97224577336219,2.19722457733622,13.18334746401732,17.57779661868976,0,0,0,0,0,0,0,0,0,0,0,0,0,0,0,0,0,0,0,0,0,0,0,0,0,0,0,0,0,0,0,0,0,0,0,0,0,0,0,0,0,0,0
0,0,0,0,0,0,0,0,0,0,0,6.591673732008658,-1.857117625218671,-1.857117625218671,-1.857117625218671,0.9591461605237726,4.394449154672439,-1.238078416812447,5.972634523602435,32.06039719534839,15.50292143301129,-13.61886258493691,-12.99982337653069,-8.047509709280908,40.84929550469328,52.79456455189816,-19.80925466899915,-19.80925466899915,6.033809219431308,3.217545433688866,6.931780684126207,-4.333274458843565,14.76153283294732,13.18334746401732,4.394449154672439,0,0,0,0,0,0,0,0,0,0,0,0,0,0,0,0,0,0,21.35320656495597,9.748044469868651,42.08737392150572,25.18979120705106,37.13506025425593,-14.73459161009161,47.90342558047725,-34.04715646234231,-33.42811725393609,-37.76139171277963,96.46012384233383,46.82193002829573,24.16947035069841,4.394449154672439,0,0,0,8.788898309344878,8.788898309344878,14.76153283294732,9.129005261462426,-6.80943129246846,23.55043114229219,7.550819892532431,4.455623850501314,13.52345441613487,19.77502119602597,17.57779661868976,0,0,0,0,0,0,0,0,0,0,0,0,0,0,0,0,0,0,0,0,0,0,0,0,0,0,0,0,0,0,0,0,0,0,0,0,0,0,0,0,0
0,0,0,0,0,0,0,0,0,0,4.394449154672439,10.9861228866811,-0.2789322562886745,-3.095196042031118,-3.714235250437341,-3.714235250437341,-3.714235250437341,-3.714235250437341,-3.714235250437341,21.97224577336219,-4.61220671513224,-14.23790179334314,-17.33309783537425,-15.47598021015558,72.50841105209525,-9.503345686553155,-20.42829387740538,-20.42829387740538,-17.61203009166293,60.28420974860173,40.50918855257572,-8.047509709280908,13.52345441613487,17.57779661868976,0,0,0,0,0,0,0,0,0,0,0,0,0,0,0,0,0,0,0,4.394449154672439,21.97224577336219,17.57779661868976,15.72067899347108,81.63741631355765,-8.483024830200502,-32.80907804552987,-30.9519604203112,-34.66619567074853,-35.90427408756097,74.54905276480056,28.96520115331727,0,0,2.19722457733622,6.591673732008658,6.591673732008658,8.788898309344878,10.9861228866811,14.14249362454109,21.35320656495597,-7.428470500874684,25.7476557196284,32.33932945163706,-0.217757560459801,-4.952313667249789,-3.374128298319793,32.95836866004328,4.394449154672439,0,0,0,0,0,0,0,0,0,0,0,0,0,0,0,0,0,0,0,0,0,0,0,0,0,0,0,0,0,0,0,0,0,0,0,0,0,0,0,0
0,0,0,0,0,0,0,0,0,0,10.9861228866811,2.537331529453769,-3.095196042031118,-3.095196042031118,-3.095196042031118,-3.095196042031118,-3.095196042031118,-3.095196042031118,-3.095196042031118,-3.095196042031118,-3.714235250437341,-4.333274458843565,-7.428470500874684,23.9517127902386,67.4949226890166,-21.0473330858116,-21.66637229421783,-19.80925466899915,-21.0473330858116,-17.61203009166293,28.06722968862237,-17.33309783537425,-9.285588126093353,17.91790357080731,19.77502119602597,0,0,0,0,0,0,0,0,0,0,0,0,0,0,0,0,0,0,0,0,2.19722457733622,4.394449154672439,84.4536800993001,50.44075710993103,-35.28523487915475,-32.19003883712364,-34.04715646234231,-36.52331329596719,84.57602949095788,87.26994388504254,3.775409946266215,2.19722457733622,2.19722457733622,2.19722457733622,3.775409946266215,6.591673732008658,-0.2789322562886745,-4.333274458843565,-6.80943129246846,-7.428470500874684,-0.8367967688660241,30.14210487430084,32.95836866004328,12.28537599932242,8.850073005173755,24.16947035069841,-0.6190392084062235,8.788898309344878,0,0,0,0,0,0,0,0,0,0,0,0,0,0,0,0,0,0,0,0,0,0,0,0,0,0,0,0,0,0,0,0,0,0,0,0,0,0,0
0,0,0,0,0,0,0,0,0,0,8.788898309344878,8.788898309344878,-2.476156833624894,-2.476156833624894,-2.476156833624894,-2.476156833624894,-2.476156833624894,-2.476156833624894,-2.476156833624894,-1.857117625218671,-1.857117625218671,-0.6190392084062235,-0.6190392084062235,24.16947035069841,48.40011539722572,38.09420641477971,-14.79576630592048,-21.66637229421783,-21.0473330858116,-19.80925466899915,-21.0473330858116,-20.42829387740538,-17.95213704378048,-12.38078416812447,19.15598198761975,0,0,0,0,0,0,0,0,0,0,0,0,0,0,0,0,0,0,0,0,0,2.19722457733622,88.84812925397252,114.3168527173122,-35.28523487915475,-36.52331329596719,-31.57099962871742,-37.76139171277963,120.5684194972033,91.38546078342628,65.63780506379793,2.19722457733622,2.19722457733622,2.19722457733622,-0.6190392084062235,-0.6190392084062235,-1.238078416812447,-3.095196042031118,-6.80943129246846,-9.904627334499576,-11.14270575131202,-9.904627334499576,34.53655402897328,15.44174673718241,-9.904627334499576,19.49608893973729,11.32622983879865,13.18334746401732,8.788898309344878,0,0,0,0,0,0,0,0,0,0,0,0,0,0,0,0,0,0,0,0,0,0,0,0,0,0,0,0,0,0,0,0,0,0,0,0,0,0
0,0,0,0,0,0,0,0,-0.6190392084062235,-0.6190392084062235,-0.6190392084062235,8.788898309344878,-2.476156833624894,-2.476156833624894,3.775409946266215,4.394449154672439,1.578185368929996,-0.6190392084062235,0,0,0,0,0,0,0,20.17630284397239,38.71324562318593,35.27794262903727,-20.42829387740538,-20.42829387740538,-21.66637229421783,-21.0473330858116,-21.0473330858116,-20.42829387740538,42.76758782574082,62.48143432593795,21.97224577336219,0,0,0,0,0,0,0,0,0,0,0,0,0,0,0,0,0,0,32.95836866004328,58.0869851712655,55.39307077718082,-25.25825815299742,-34.04715646234231,-38.38043092118586,-34.66619567074853,-38.38043092118586,-28.013347242911,2.224165800191922,73.18862495633036,-1.857117625218671,0,2.19722457733622,2.19722457733622,-0.6190392084062235,2.19722457733622,0.9591461605237726,-4.61220671513224,-11.76174495971824,-10.5236665429058,-11.14270575131202,-10.5236665429058,26.08776267174595,-6.469324340350911,10.70719063039243,13.18334746401732,10.9861228866811,4.394449154672439,0,0,0,0,0,0,0,0,0,0,0,0,0,0,0,0,0,0,0,0,0,0,0,0,0,0,0,0,0,0,0,0,0,0,0,0,0,0
0,0,0,0,0,2.19722457733622,-0.6190392084062235,-1.238078416812447,-1.238078416812447,-1.238078416812447,-1.238078416812447,-1.238078416812447,0,0,0,0,0,0,0,0,0,0,0,0,0,0,0,38.37313867106838,42.1485486173346,40.91047020052216,-20.42829387740538,-20.42829387740538,-21.0473330858116,-21.0473330858116,38.09420641477971,8.353383188425274,54.99178912923439,64.05961969486795,24.16947035069841,0,0,0,0,0,0,0,0,0,0,0,0,0,0,0,55.88976059392927,55.33189608135193,82.31763021779277,-31.23089267659988,-34.66619567074853,-31.57099962871742,-35.90427408756097,-38.99947012959208,-43.33274458843562,-42.7137053800294,-39.6185093379983,68.17513659325171,-1.857117625218671,-1.857117625218671,2.19722457733622,2.19722457733622,-0.6190392084062235,-0.6190392084062235,24.16947035069841,38.3119639752395,9.53028690940886,-12.99982337653069,-16.71405862696803,-16.0950194185618,57.12783901074172,-1.857117625218671,7.550819892532432,-3.714235250437341,1.918292321047545,-0.2789322562886745,10.9861228866811,0,0,0,0,0,0,0,0,0,0,0,0,0,0,0,0,0,0,0,0,0,0,0,0,0,0,0,0,0,0,0,0,0,0,0,0,0
0,0,0,0,2.19722457733622,4.394449154672439,-1.238078416812447,-1.238078416812447,0,0,0,0,0,0,0,0,0,0,0,0,0,0,0,0,0,0,0,0,0,34.93783567691971,55.6108283376406,30.26445426595859,-19.80925466899915,-21.0473330858116,-21.0473330858116,-21.0473330858116,-21.0473330858116,-3.530711162950719,77.86200636729146,70.31118647475904,15.72067899347109,0,0,0,0,0,0,0,0,0,0,0,0,48.33894070139684,61.58346286124305,-22.56434375891273,-34.04715646234231,-36.52331329596719,-34.66619567074853,-33.42811725393609,-33.42811725393609,-42.09466617162318,-47.04697983887295,-49.52313667249783,160.7986757934902,85.13389400353519,-3.374128298319793,12.28537599932242,27.3258410885584,36.11473939790328,63.10047353434417,67.4949226890166,74.08659642102525,38.0942064147797,-19.80925466899915,-19.80925466899915,-17.95213704378048,-17.33309783537425,56.5087998023355,49.91712607032684,0,-1.238078416812447,-1.857117625218671,-2.476156833624894,3.156370737859992,8.788898309344878,0,0,0,0,0,0,0,0,0,0,0,0,0,0,0,0,0,0,0,0,0,0,0,0,0,0,0,0,0,0,0,0,0,0,0,0
0,0,0,0,0,0,0,0,0,0,0,0,0,0,0,0,0,0,0,0,0,0,0,0,0,0,0,0,0,0,0,48.40011539722572,51.21637918296817,37.47516720637349,-21.0473330858116,-21.66637229421783,-21.0473330858116,-21.0473330858116,-20.42829387740538,20.91769144403636,77.86200636729146,58.0869851712655,13.18334746401732,0,0,0,0,0,0,0,0,0,0,76.90286020676768,45.0259870989059,74.48787806897168,-0.8710302418392011,-30.89078572448233,-31.57099962871742,-35.90427408756097,-38.38043092118586,-42.7137053800294,-44.57082300524807,-49.52313667249783,3.985875256608541,86.77325406829407,78.26328801523788,72.84851800421279,53.75371071242193,35.89698183744348,24.01288748606748,-6.966014157099377,-21.0473330858116,-21.66637229421783,-21.0473330858116,-20.42829387740538,-17.33309783537425,-16.0950194185618,39.27111013576328,52.73338985606928,3.775409946266215,-1.238078416812447,-4.333274458843565,-4.333274458843565,-6.190392084062236,19.15598198761975,17.57779661868976,4.394449154672439,0,0,0,0,0,0,0,0,0,0,0,0,0,0,0,0,0,0,0,0,0,0,0,0,0,0,0,0,0,0,0,0,0,0
0,0,0,0,0,0,0,0,0,0,0,0,0,0,0,0,0,0,0,0,0,0,0,0,0,0,0,0,0,0,0,0,2.19722457733622,47.7810761888195,49.97830076615572,31.8426396348886,-21.0473330858116,-21.0473330858116,-21.66637229421783,-22.28541150262405,-23.5234899194365,41.25057715263969,87.26994388504254,83.49453393877633,0,0,0,0,0,0,0,0,2.19722457733622,56.84890675445305,70.03225421847037,-25.65953980094385,59.50858767556462,17.88367009783413,21.31897309198277,-32.80907804552987,-38.38043092118586,-43.33274458843562,-46.42794063046673,-47.66601904727917,-47.04697983887295,-43.33274458843562,-30.9519604203112,-29.71388200349875,-21.0473330858116,-22.28541150262405,-21.66637229421783,-21.0473330858116,-21.66637229421783,-21.66637229421783,-21.0473330858116,-21.0473330858116,-17.33309783537425,-13.89779484122559,4.237866290041519,40.84929550469329,-14.23790179334314,22.65245967759729,28.9040264574884,25.12861651122218,-4.952313667249789,9.129005261462428,-3.714235250437341,13.18334746401732,0,0,0,0,0,0,0,0,0,0,0,0,0,0,0,0,0,0,0,0,0,0,0,0,0,0,0,0,0,0,0,0,0,0
0,0,0,0,0,0,0,0,0,0,0,0,0,0,0,0,0,0,0,0,0,0,0,0,0,0,0,0,0,0,0,0,0,0,-0.6190392084062235,54.65168217711683,52.79456455189817,14.32601771202771,-21.66637229421783,-21.0473330858116,-24.14252912784272,-24.14252912784272,-24.76156833624895,74.48787806897167,102.650515926396,76.90286020676768,0,0,0,0,0,41.74726696938817,49.63819381403817,37.81527415849105,-23.5234899194365,-26.61868596146762,-26.27857900935008,24.41416913401387,82.31763021779278,33.82210665176497,-36.52331329596719,-40.23754854640452,-43.33274458843562,74.95033441274705,125.6430825561108,82.99784412202789,-30.33292121190497,-29.71388200349875,-27.23772516987385,-23.5234899194365,-23.5234899194365,-21.66637229421783,-22.90445071103028,-21.66637229421783,-19.80925466899915,19.61843833139503,51.49531143925683,25.18979120705106,-12.38078416812447,-11.76174495971824,-11.14270575131202,43.32545233831817,2.19722457733622,0,0,4.394449154672439,4.394449154672439,4.394449154672439,0,2.19722457733622,0,0,0,0,0,0,0,0,0,0,0,0,0,0,0,0,0,0,0,0,0,0,0,0,0,0,0,0,0,0,0,0
0,0,0,0,0,0,0,0,0,0,0,0,0,0,0,0,0,0,0,0,0,0,0,0,0,0,0,0,0,0,0,0,0,0,0,0,-0.6190392084062235,56.84890675445305,54.37274992082817,3.06096256905794,-22.28541150262405,-25.38060754465517,-27.23772516987385,-32.19003883712364,-28.13569663456875,100.4532913490598,94.4806568254574,0,0,0,17.57779661868976,42.70641312991194,-20.42829387740538,-16.65288393113915,97.01798835491117,58.48826681921196,-25.38060754465517,-18.16989460424029,6.836372515324157,-30.9519604203112,-37.76139171277963,-35.90427408756097,32.30509597866387,91.10652852713763,65.91673732008661,93.24257840864496,52.23670003932082,-25.38060754465517,-29.09484279509252,-25.9996467530614,-25.38060754465517,-21.66637229421783,-21.0473330858116,-21.0473330858116,-19.80925466899915,33.08071805170103,50.25723302244439,37.35281781471573,15.38057204135354,-4.333274458843565,15.38057204135354,5.353595315196212,4.394449154672439,0,4.394449154672439,3.775409946266215,10.36708367827488,13.18334746401732,10.36708367827488,15.38057204135354,0,0,0,0,0,0,0,0,0,0,0,0,0,0,0,0,0,0,0,0,0,0,0,0,0,0,0,0,0,0,0,0
0,0,0,0,0,0,0,0,0,0,0,0,0,0,0,0,0,0,0,0,0,0,0,0,0,0,0,0,0,0,0,0,0,0,0,0,0,0,10.36708367827488,50.59733997456195,58.76719907550061,-5.047721836051831,-31.57099962871742,-32.19003883712364,-31.57099962871742,-30.33292121190497,101.4124375095836,89.80727541449629,24.16947035069841,0,32.95836866004328,-4.82996427559204,-16.0950194185618,16.1219606414175,19.77502119602597,102.0314767179898,78.20211331940901,-18.5711762521867,-24.76156833624895,-32.80907804552987,-35.28523487915475,-34.04715646234231,90.14738236661385,10.9861228866811,0,0,49.29808686192062,57.18901370657061,15.2851638725515,86.65090467663632,48.46129009305459,-17.55085539583406,-18.85010850847538,-19.80925466899915,-21.0473330858116,41.52950940892837,31.78146493905971,47.71990149299062,21.97224577336219,15.38057204135354,15.38057204135354,8.788898309344878,19.77502119602597,6.591673732008658,5.972634523602435,-0.897971464694898,-4.333274458843565,-4.333274458843565,-4.333274458843565,15.38057204135354,15.38057204135354,0,0,0,0,0,0,0,0,0,0,0,0,0,0,0,0,0,0,0,0,0,0,0,0,0,0,0,0,0,0,0
0,0,0,0,0,0,0,0,0,0,0,0,0,0,0,0,0,0,0,0,0,0,0,0,0,0,0,0,0,0,0,0,0,0,0,0,0,0,0,0,14.14249362454109,103.6096620869198,30.38680365761634,-32.80907804552987,-32.19003883712364,-31.57099962871742,-30.9519604203112,-6.006867996575614,83.49453393877633,28.56391950537085,48.33894070139684,26.08776267174595,-12.38078416812447,-5.571352875656013,-3.714235250437341,13.18334746401732,84.4536800993001,83.5557086346052,-24.76156833624895,-34.66619567074853,-36.52331329596719,106.1469936163736,80.05923094462767,0,0,0,0,6.591673732008658,46.14171612406061,83.83464089089388,59.6651705401955,-20.70722613369406,-23.5234899194365,-23.5234899194365,-20.42829387740538,-20.42829387740538,-16.71405862696803,25.18979120705106,32.95836866004328,17.57779661868976,17.57779661868976,24.16947035069841,3.156370737859992,12.5643082556111,11.94526904720487,12.5643082556111,-1.517010673101121,-1.517010673101121,14.76153283294732,17.57779661868976,6.591673732008658,4.394449154672439,0,0,0,0,0,0,0,0,0,0,0,0,0,0,0,0,0,0,0,0,0,0,0,0,0,0,0,0,0,0
0,0,0,0,0,0,0,0,0,0,0,0,0,0,0,0,0,0,0,0,0,0,0,0,0,0,0,0,0,0,0,0,0,0,0,0,0,0,0,0,40.50918855257572,75.04574258154901,-24.76156833624895,-32.80907804552987,-33.42811725393609,-34.66619567074853,-25.38060754465517,-24.14252912784272,6.217333306917929,110.8203750273347,81.29730936144011,41.74726696938817,11.32622983879865,4.734556106789988,-3.714235250437341,13.18334746401732,37.35281781471573,93.86161761705118,102.0926514138187,-36.52331329596719,-37.14235250437341,72.29065349163545,37.35281781471573,0,0,0,0,0,0,60.90324895700795,46.82193002829571,55.88976059392927,-20.42829387740538,-22.28541150262405,-22.28541150262405,-22.28541150262405,-17.33309783537425,4.237866290041512,53.69253601659306,15.38057204135354,13.18334746401732,19.77502119602597,16.33971820187731,10.70719063039242,-5.571352875656013,-5.571352875656013,-5.571352875656013,-5.571352875656013,-5.571352875656013,19.77502119602597,19.77502119602597,15.38057204135354,0,0,0,0,0,0,0,0,0,0,0,0,0,0,0,0,0,0,0,0,0,0,0,0,0,0,0,0,0,0
0,0,0,0,0,0,0,0,0,0,0,0,0,0,0,0,0,0,0,0,0,0,0,0,0,0,0,0,0,0,0,0,0,0,0,0,0,0,0,-1.238078416812447,67.4949226890166,-16.0950194185618,-20.42829387740538,-24.76156833624895,106.7660328247798,5.938401050629267,-23.5234899194365,-25.38060754465517,-26.61868596146762,-20.98615838998273,88.56919699768386,90.08620767078497,1.578185368929996,-0.2789322562886745,10.9861228866811,43.94449154672439,39.27111013576327,-13.61886258493691,114.9358919257184,-3.007080123346542,5.040429585934365,87.61005083716009,0,0,0,0,0,0,0,0,24.16947035069841,63.10047353434417,-17.95213704378048,-21.66637229421783,-23.5234899194365,-22.90445071103028,-21.66637229421783,-19.19021546059293,4.237866290041511,11.72751148674507,19.83619589185485,15.10163978506487,-6.80943129246846,-6.80943129246846,-7.428470500874684,-6.80943129246846,19.77502119602597,-5.571352875656013,14.14249362454109,-2.136049881507345,14.76153283294732,13.18334746401732,0,0,0,0,0,0,0,0,0,0,0,0,0,0,0,0,0,0,0,0,0,0,0,0,0,0,0,0,0,0
0,0,0,0,0,0,0,0,0,0,0,0,0,0,0,0,0,0,0,0,0,0,0,0,2.19722457733622,2.19722457733622,0,0,0,0,0,0,0,0,0,0,0,0,0,76.90286020676768,21.13544900449617,-20.42829387740538,-19.19021546059293,72.84851800421279,96.0588421943874,-22.90445071103028,-27.23772516987385,-25.9996467530614,-26.61868596146762,-29.09484279509252,-30.33292121190497,88.29026474139516,95.43980298598117,-3.095196042031118,41.74726696938817,43.66555929043572,-13.61886258493691,-14.23790179334314,-30.33292121190497,58.95072316298729,106.4259258726622,39.55004239205195,0,0,0,0,0,0,0,0,0,48.33894070139684,37.41399251054461,63.71951274275039,59.04613133178928,-21.0473330858116,-20.42829387740538,-20.42829387740538,-19.19021546059293,-17.33309783537425,-1.115729025154698,-11.76174495971824,34.53655402897328,30.76114408270707,28.56391950537085,-7.428470500874684,-6.80943129246846,7.271887636243758,21.97224577336219,9.748044469868651,8.788898309344878,0,0,0,0,0,0,0,0,0,0,0,0,0,0,0,0,0,0,0,0,0,0,0,0,0,0,0,0,0,0,0
0,0,0,0,0,0,0,0,0,0,0,0,0,0,0,0,0,0,0,0,0,0,0,4.394449154672439,0,-0.6190392084062235,-0.6190392084062235,0,0,0,0,0,0,0,0,0,0,0,65.91673732008661,45.24374465936572,-19.19021546059293,-17.95213704378048,55.61082833764061,89.46716846237875,-7.646228061334485,-15.13587325803803,108.963257402116,97.69820225914626,-26.61868596146762,-29.71388200349875,-29.71388200349875,-32.80907804552987,51.05979631833724,117.4120487593433,47.16203698041325,-16.0950194185618,-14.23790179334314,-19.19021546059293,-29.31260035555233,115.8338633904133,13.18334746401732,0,0,0,0,0,0,0,0,0,0,0,0,24.16947035069841,50.25723302244439,54.65168217711683,31.50253268277104,-19.19021546059293,18.04025296246504,54.03264296871062,59.32506358807795,-3.374128298319793,15.38057204135354,6.591673732008658,13.18334746401732,13.18334746401732,-3.714235250437341,-3.714235250437341,13.18334746401732,13.18334746401732,0,0,0,0,0,0,0,0,0,0,0,0,0,0,0,0,0,0,0,0,0,0,0,0,0,0,0,0,0,0,0,0
0,0,0,0,0,0,0,0,0,0,0,0,0,0,0,0,0,0,0,0,0,0,6.591673732008658,0,-1.238078416812447,-0.6190392084062235,-0.6190392084062235,0,0,0,0,0,0,0,0,0,0,60.90324895700795,54.03264296871061,-16.71405862696803,-19.19021546059293,-0.4355151209196007,105.806886664256,19.2783313792775,-20.42829387740538,99.21521293224738,28.80861828868633,60.74666609237703,97.41927000285759,-27.85676437828007,-30.33292121190497,-32.80907804552987,-34.04715646234231,-33.42811725393609,-35.28523487915475,-25.9996467530614,-26.61868596146762,-24.76156833624895,71.73278897905814,49.29808686192062,0,0,0,0,0,0,0,0,0,0,0,0,0,0,30.14210487430084,44.28459849884194,-5.449003483998265,-14.23790179334314,35.83580714161462,43.94449154672439,4.394449154672439,2.19722457733622,0,0,2.19722457733622,0,10.9861228866811,10.9861228866811,10.9861228866811,0,0,0,0,0,0,0,0,0,0,0,0,0,0,0,0,0,0,0,0,0,0,0,0,0,0,0,0,0,0,0,0,0
0,0,0,0,0,0,0,0,0,0,0,0,0,0,0,0,0,0,0,0,0,7.550819892532431,0,0,2.19722457733622,-1.238078416812447,-0.6190392084062235,3.775409946266215,4.394449154672439,4.394449154672439,4.394449154672439,19.77502119602597,0,0,0,0,46.14171612406061,71.27033263528281,-17.33309783537425,-20.42829387740538,-12.93864868070181,107.0449650810685,29.36648280126368,-23.5234899194365,81.9775232656752,66.65812592015058,-30.9519604203112,-34.04715646234231,14.1694348473968,116.5140772946484,37.59751659803124,-30.9519604203112,-31.57099962871742,-34.04715646234231,-35.28523487915475,-35.28523487915475,-34.66619567074853,73.31097434798812,98.25606677172361,2.19722457733622,0,0,0,0,0,0,0,0,0,0,0,0,0,0,0,19.77502119602597,30.14210487430084,-11.76174495971824,36.11473939790328,22.31235272547974,0.9591461605237726,0,0,0,0,0,6.591673732008658,0,0,0,0,0,0,0,0,0,0,0,0,0,0,0,0,0,0,0,0,0,0,0,0,0,0,0,0,0,0,0,0,0,0,0
0,0,0,0,0,0,0,0,0,0,0,0,0,0,0,0,0,0,0,0,4.734556106789988,0.340106952117549,0,0,6.591673732008658,3.775409946266215,8.169859100938655,3.775409946266215,-0.2789322562886745,14.76153283294732,16.95875741028354,16.95875741028353,0,0,0,45.52267691565439,80.67827015303389,-19.19021546059293,-22.90445071103028,-18.85010850847538,101.4124375095836,63.84186213440817,-21.66637229421783,79.16125947993277,91.10652852713763,-35.90427408756097,-37.14235250437341,-37.14235250437341,-38.38043092118586,-23.68007278406743,124.0648971871808,84.57602949095785,-29.71388200349875,-32.80907804552987,-33.42811725393609,-31.57099962871742,-37.42128476066209,161.9755795144738,-0.6190392084062235,0,0,0,0,0,0,0,0,0,0,0,0,0,0,0,0,0,12.5643082556111,8.850073005173753,-11.14270575131202,-0.8367967688660243,6.312741475719984,0,0,0,0,0,0,0,0,0,0,0,0,0,0,0,0,0,0,0,0,0,0,0,0,0,0,0,0,0,0,0,0,0,0,0,0,0,0,0,0,0
0,0,0,0,0,0,0,0,0,0,0,0,0,0,0,0,0,0,0,10.9861228866811,5.074663058907537,6.591673732008658,10.9861228866811,0,1.578185368929996,5.972634523602435,27.94488029696462,11.94526904720487,20.11512814814352,12.90441520772865,19.77502119602597,21.97224577336219,0,6.591673732008658,0,74.08659642102525,-19.80925466899915,-23.5234899194365,-24.76156833624895,109.2421896584047,92.34460694395007,-23.5234899194365,-11.63939556806049,98.9362806759587,-35.28523487915475,-37.14235250437341,-39.6185093379983,-37.76139171277963,-42.09466617162318,-39.6185093379983,-36.52331329596719,90.82759627084894,94.60300621711515,-29.71388200349875,-32.19003883712364,-32.80907804552987,-39.89744159428697,78.04553045477807,118.7113018719846,3.156370737859992,0,0,0,0,0,0,0,0,0,0,0,0,0,0,0,0,1.578185368929996,0.06117469582887392,-9.285588126093353,23.89053809440973,9.12900526146243,2.537331529453769,0,0,0,0,0,0,0,0,0,0,0,0,0,0,0,0,0,0,0,0,0,0,0,0,0,0,0,0,0,0,0,0,0,0,0,0,0,0,0,0
0,0,0,0,0,0,0,0,0,0,0,0,0,0,0,0,0,0,4.394449154672439,6.312741475719985,-1.517010673101122,-1.857117625218671,0.340106952117549,-4.333274458843565,-0.6190392084062235,10.9861228866811,0.340106952117549,25.46872346333973,7.611994588361306,-9.285588126093353,-6.80943129246846,24.16947035069841,26.36669492803463,0,74.4267033731428,46.88310472412459,-25.38060754465517,-25.38060754465517,85.1338940035352,106.7660328247798,-25.9996467530614,-28.4758035866863,-30.9519604203112,-32.19003883712364,-32.19003883712364,-37.76139171277963,-37.76139171277963,-38.38043092118586,-26.49633656980987,-38.0403239690683,-38.38043092118586,-40.23754854640452,91.16770322296649,107.4462467290149,-18.7889338126465,-35.90427408756097,-43.33274458843562,-37.76139171277963,69.5355644017219,129.6362500628368,8.788898309344878,0,0,0,0,0,0,0,0,0,0,0,0,0,0,0,2.19722457733622,6.591673732008658,28.56391950537085,28.56391950537085,20.73416735654974,9.748044469868653,6.591673732008658,0,0,0,0,0,0,0,0,0,0,0,0,0,0,0,0,0,0,0,0,0,0,0,0,0,0,0,0,0,0,0,0,0,0,0,0,0,0,0
0,0,0,0,0,0,0,0,0,0,0,0,0,0,0,0,0,0,45.52267691565439,35.15559323737951,1.578185368929996,-1.238078416812447,1.578185368929996,1.578185368929996,13.2445221598462,0.7413886000639713,7.550819892532432,54.9306144334055,-3.870818115068269,-13.61886258493691,-14.23790179334314,26.08776267174595,13.18334746401732,60.90324895700795,55.33189608135192,-25.9996467530614,-29.09484279509252,52.29787473514972,133.7517669612206,-27.23772516987385,-28.4758035866863,-29.71388200349875,-30.9519604203112,-32.80907804552987,-35.90427408756097,-38.99947012959208,-38.99947012959208,-40.23754854640452,23.29844010885921,-33.6458748143959,-42.7137053800294,-44.57082300524807,-38.99947012959208,33.26424213918767,160.4585688413727,-19.62573058151253,-35.90427408756097,-35.90427408756097,-36.52331329596719,129.6362500628368,2.19722457733622,0,0,0,0,0,0,0,0,0,0,0,0,0,0,0,0,6.591673732008658,17.57779661868976,15.38057204135354,17.57779661868976,6.591673732008658,4.394449154672439,0,0,0,0,0,0,0,0,0,0,0,0,0,0,0,0,0,0,0,0,0,0,0,0,0,0,0,0,0,0,0,0,0,0,0,0,0,0,0
0,0,0,0,0,0,0,0,0,0,0,0,0,0,0,0,0,15.38057204135354,40.91047020052213,26.55021901552125,42.70641312991194,-1.238078416812447,-2.476156833624894,0.9591461605237726,1.578185368929996,33.29847561216084,34.59772872480215,38.37313867106838,-20.42829387740538,-21.66637229421783,-20.42829387740538,38.03303171895084,87.88898309344876,56.35221693770457,-30.9519604203112,-32.19003883712364,-15.91149533107518,150.3704174193865,-21.26509064627141,-29.71388200349875,-33.42811725393609,-34.04715646234231,-35.28523487915475,-37.14235250437341,-36.52331329596719,-41.47562696321696,-38.99947012959208,-40.85658775481074,-43.33274458843562,-41.47562696321696,-42.09466617162318,-42.09466617162318,-42.09466617162318,10.51637429278833,134.0918739133382,-30.89078572448232,-32.19003883712364,-35.90427408756097,72.35182818746436,105.4667797121385,0,0,0,0,0,0,0,0,0,0,0,0,0,0,0,0,0,0,0,0,0,0,0,0,0,0,0,0,0,0,0,0,0,0,0,0,0,0,0,0,0,0,0,0,0,0,0,0,0,0,0,0,0,0,0,0,0,0,0,0,0,0
0,0,0,0,0,0,0,0,0,0,0,0,0,0,0,0,0,43.94449154672439,91.38546078342628,-25.65953980094385,29.08755054497503,47.44096923670195,-1.238078416812447,34.25762177268462,49.35926155774951,54.65168217711683,20.23747753980127,-22.28541150262405,-24.14252912784272,-25.38060754465517,-21.66637229421783,-24.76156833624895,83.89581558672275,-29.09484279509252,-30.9519604203112,-32.19003883712364,138.146216115893,31.96498902654632,-32.80907804552987,-32.80907804552987,-36.52331329596719,-35.90427408756097,-35.28523487915475,-39.6185093379983,-38.99947012959208,-40.85658775481074,-42.7137053800294,-43.33274458843562,-42.09466617162318,-41.47562696321696,-40.85658775481074,31.1281922576803,-16.12925289153498,139.724401484823,-24.36028668830253,-28.4758035866863,-32.80907804552987,-15.0135238663803,99.21521293224738,0,0,0,0,0,0,0,0,0,0,0,0,0,0,0,0,0,0,0,0,0,0,0,0,0,0,0,0,0,0,0,0,0,0,0,0,0,0,0,0,0,0,0,0,0,0,0,0,0,0,0,0,0,0,0,0,0,0,0,0,0,0,0
0,0,0,0,0,0,0,0,0,0,0,0,0,0,0,0,30.76114408270707,96.39894914650495,-6.564732509152957,-34.04715646234231,-34.66619567074853,28.25075377610902,120.9085264493209,8.13562562796548,48.74022234934328,11.78868618257396,-19.19021546059293,-18.5711762521867,-19.80925466899915,-24.76156833624895,-29.09484279509252,-31.57099962871742,-32.19003883712364,-31.57099962871742,-30.33292121190497,124.3438294434695,113.4188812526173,-29.71388200349875,-34.66619567074853,-35.90427408756097,-35.28523487915475,-37.14235250437341,-40.23754854640452,-43.33274458843562,-40.85658775481074,-1.088787802299004,-42.09466617162318,-45.80890142206051,-43.33274458843562,-42.09466617162318,-42.7137053800294,-40.23754854640452,149.193513698403,48.9237464368299,-29.71388200349875,-25.38060754465517,87.95015778927764,90.42631462290252,37.35281781471573,0,0,0,0,0,0,0,0,0,0,0,0,0,0,0,0,0,0,0,0,0,0,0,0,0,0,0,0,0,0,0,0,0,0,0,0,0,0,0,0,0,0,0,0,0,0,0,0,0,0,0,0,0,0,0,0,0,0,0,0,0,0,0
0,0,0,0,0,0,0,0,0,0,0,0,0,0,0,-1.238078416812447,58.0869851712655,-14.17672709751426,-34.04715646234231,-31.57099962871742,-37.76139171277963,-36.52331329596719,-32.80907804552987,-30.9519604203112,-21.0473330858116,-21.66637229421783,-20.42829387740538,-19.19021546059293,-19.80925466899915,-23.5234899194365,-30.33292121190497,-30.9519604203112,-30.33292121190497,-29.09484279509252,107.1061397768973,124.0648971871808,-30.33292121190497,-34.66619567074853,28.86979298451521,-26.2174043135212,-38.38043092118586,-40.85658775481074,-42.7137053800294,-43.33274458843562,-42.7137053800294,11.13541350119454,-43.33274458843562,-42.7137053800294,-44.57082300524807,-43.95178379684184,-38.99947012959208,127.9014818292759,108.6843251458273,-31.57099962871742,-29.09484279509252,45.36609405102346,81.29730936144011,0,0,0,0,0,0,0,0,0,0,0,0,0,0,0,0,0,0,0,0,0,0,0,0,0,0,0,0,0,0,0,0,0,0,0,0,0,0,0,0,0,0,0,0,0,0,0,0,0,0,0,0,0,0,0,0,0,0,0,0,0,0,0,0,0
0,0,0,0,0,0,0,0,0,0,0,0,0,0,0,43.32545233831817,32.40050414746593,-18.5711762521867,-19.80925466899915,-29.09484279509252,-34.04715646234231,-26.61868596146762,-27.23772516987385,-26.61868596146762,-27.85676437828007,-22.90445071103028,-18.5711762521867,-19.80925466899915,-22.28541150262405,-25.9996467530614,-29.09484279509252,-30.33292121190497,-29.71388200349875,66.10026140757326,140.6835476453468,-31.57099962871742,-32.80907804552987,-32.80907804552987,-37.14235250437341,-38.99947012959208,-38.38043092118586,-40.23754854640452,-43.33274458843562,-44.57082300524807,-45.80890142206051,-47.04697983887295,-45.80890142206051,-42.7137053800294,-43.33274458843562,-41.47562696321696,125.0852180435335,127.5002001813295,-29.09484279509252,-30.9519604203112,-22.8432760152014,94.4806568254574,0,0,0,0,0,0,0,0,0,0,0,0,0,0,0,0,0,0,0,0,0,0,0,0,0,0,0,0,0,0,0,0,0,0,0,0,0,0,0,0,0,0,0,0,0,0,0,0,0,0,0,0,0,0,0,0,0,0,0,0,0,0,0,0,0,0
0,0,0,0,0,0,0,0,0,0,0,0,0,10.9861228866811,39.55004239205195,23.95171279023862,-17.33309783537425,-18.5711762521867,-19.80925466899915,60.62431670071928,21.41438126078484,23.7339552297788,-21.0473330858116,-25.9996467530614,-25.9996467530614,-30.33292121190497,-30.9519604203112,-24.76156833624895,-24.76156833624895,-24.76156833624895,-25.38060754465517,-29.09484279509252,0.02694122285569578,151.0506313236216,-29.99281425978742,-34.04715646234231,-37.76139171277963,-40.23754854640452,-39.6185093379983,-39.6185093379983,-39.6185093379983,-41.47562696321696,-43.95178379684184,-49.52313667249783,-47.04697983887295,-47.04697983887295,-45.80890142206051,-42.09466617162318,34.56349525182899,37.44093373340028,132.2347562881195,-25.38060754465517,-29.71388200349875,-29.09484279509252,94.54183152128628,37.35281781471573,0,0,0,0,0,0,0,0,0,0,0,0,0,0,0,0,0,0,0,0,0,0,0,0,0,0,0,0,0,0,0,0,0,0,0,0,0,0,0,0,0,0,0,0,0,0,0,0,0,0,0,0,0,0,0,0,0,0,0,0,0,0,0,0,0,0
0,0,0,0,0,0,0,0,0,0,0,0,6.591673732008658,8.850073005173751,17.97907826663619,-15.47598021015558,-16.0950194185618,-15.47598021015558,49.91712607032684,26.36669492803463,2.19722457733622,26.70680188015217,24.97203364659123,18.99939912298881,-27.23772516987385,-30.33292121190497,-32.80907804552987,-32.80907804552987,-26.61868596146762,-24.14252912784272,-27.23772516987385,-26.61868596146762,143.4998114310892,1.605126591785703,-35.28523487915475,-38.38043092118586,-38.38043092118586,-38.38043092118586,-39.6185093379983,-41.47562696321696,-42.7137053800294,-45.80890142206051,33.04648457872783,-48.90409746409161,-45.18986221365429,-45.18986221365429,-43.33274458843562,-41.47562696321696,-27.1153757782161,156.6831588951065,-25.38060754465517,-28.4758035866863,-29.71388200349875,94.54183152128627,72.50841105209525,0,0,0,0,0,0,0,0,0,0,0,0,0,0,0,0,0,0,0,0,0,0,0,0,0,0,0,0,0,0,0,0,0,0,0,0,0,0,0,0,0,0,0,0,0,0,0,0,0,0,0,0,0,0,0,0,0,0,0,0,0,0,0,0,0,0,0
0,0,0,0,0,0,0,0,0,0,0,8.788898309344878,8.788898309344878,16.40089289770618,-12.99982337653069,-12.99982337653069,-14.23790179334314,44.90363770724817,46.14171612406061,0,0,0,1.578185368929996,43.72673398626458,30.32562896178745,-29.09484279509252,-30.33292121190497,-32.19003883712364,-36.52331329596719,-29.09484279509252,-27.23772516987385,122.4867118182509,79.90264807999675,-38.38043092118586,-39.6185093379983,31.40712451396899,-38.0403239690683,-41.47562696321696,-41.47562696321696,-40.85658775481074,-42.7137053800294,-45.18986221365429,-39.55733464216942,-45.18986221365429,-43.95178379684184,-43.33274458843562,-45.80890142206051,-42.09466617162318,141.9828007579881,30.66573591390502,-27.85676437828007,-29.71388200349875,83.89581558672273,92.28343224812119,0,0,0,0,0,0,0,0,0,0,0,0,0,0,0,0,0,0,0,0,0,0,0,0,0,0,0,0,0,0,0,0,0,0,0,0,0,0,0,0,0,0,0,0,0,0,0,0,0,0,0,0,0,0,0,0,0,0,0,0,0,0,0,0,0,0,0,0
17.57779661868976,0,0,0,0,0,0,2.19722457733622,2.19722457733622,0,12.56430825561109,29.52306566589462,36.73377860630951,-12.38078416812447,-7.367295805045809,-12.99982337653069,42.70641312991195,38.93100318364573,0,0,0,0,0,-0.6190392084062235,46.82193002829573,56.63114919399329,-30.33292121190497,-31.57099962871742,-33.42811725393609,-34.66619567074853,98.03830921126382,98.03830921126382,-34.04715646234231,-34.66619567074853,-39.6185093379983,-43.33274458843562,-38.38043092118586,-41.47562696321696,-40.23754854640452,-44.57082300524807,-44.57082300524807,-44.57082300524807,-45.80890142206051,-46.42794063046673,-44.57082300524807,-17.98637051675366,-41.47562696321696,148.5744744899967,81.41965875309786,-21.32626534210028,-27.85676437828007,61.02559834866571,114.2556780214833,0,0,0,0,0,0,0,0,0,0,0,0,0,0,0,0,0,0,0,0,0,0,0,0,0,0,0,0,0,0,0,0,0,0,0,0,0,0,0,0,0,0,0,0,0,0,0,0,0,0,0,0,0,0,0,0,0,0,0,0,0,0,0,0,0,0,0,0,0
21.97224577336219,21.97224577336219,13.18334746401732,0,0,0,-0.6190392084062235,-0.6190392084062235,4.394449154672439,5.972634523602435,19.49608893973731,-10.5236665429058,-12.38078416812447,-9.564520382382028,-12.38078416812447,10.14932611781508,36.73377860630951,0,0,0,0,0,0,2.19722457733622,0,67.4949226890166,56.97125614611085,-29.09484279509252,-30.9519604203112,-31.57099962871742,65.54239689499586,116.2351450383598,-21.54402290256008,-35.90427408756097,-42.09466617162318,-41.47562696321696,-45.18986221365429,-40.85658775481074,-43.95178379684184,-45.18986221365429,-43.33274458843562,-42.7137053800294,-45.80890142206051,-42.7137053800294,-41.47562696321696,15.46868796003811,125.0852180435335,119.3915157762197,-24.14252912784272,-28.4758035866863,3.741176473293036,105.4667797121385,0,0,0,0,0,0,0,0,0,0,0,0,0,0,0,0,0,0,0,0,0,0,0,0,0,0,0,0,0,0,0,0,0,0,0,0,0,0,0,0,0,0,0,0,0,0,0,0,0,0,0,0,0,0,0,0,0,0,0,0,0,0,0,0,0,0,0,0,0,0
16.95875741028354,-1.176903720983573,28.56391950537085,32.95836866004328,41.12822776098195,-0.6190392084062235,-0.6190392084062235,4.394449154672439,27.94488029696463,21.69331351707352,-5.510178179827138,-10.5236665429058,-10.5236665429058,-11.76174495971824,-11.76174495971824,37.35281781471573,2.19722457733622,0,0,0,0,0,0,2.19722457733622,0,0,63.10047353434417,77.92318106312035,-31.57099962871742,-32.19003883712364,-24.14252912784272,16.98569863313924,122.5478865140797,49.20267869311858,-37.76139171277963,-39.6185093379983,-44.57082300524807,-43.33274458843562,-43.95178379684184,59.01189785881613,-43.33274458843562,-43.95178379684184,-43.33274458843562,-40.85658775481074,-40.85658775481074,89.65069254986541,140.4046153890581,-24.76156833624895,-25.38060754465517,-25.38060754465517,92.62353920023872,19.77502119602597,0,0,0,0,0,0,0,0,0,0,0,0,0,0,0,0,0,0,0,0,0,0,0,0,0,0,0,0,0,0,0,0,0,0,0,0,0,0,0,0,0,0,0,0,0,0,0,0,0,0,0,0,0,0,0,0,0,0,0,0,0,0,0,0,0,0,0,0,0,0
21.97224577336219,-3.374128298319793,-3.993167506726016,-10.5236665429058,38.3119639752395,38.93100318364573,38.93100318364573,34.53655402897328,26.70680188015217,-9.904627334499576,-10.5236665429058,-10.5236665429058,-10.5236665429058,-10.5236665429058,31.72029024323084,28.56391950537085,0,0,0,0,0,0,0,-0.6190392084062235,2.19722457733622,0,0,58.70602437967172,102.9906228785136,24.97203364659123,-23.5234899194365,-25.9996467530614,-28.13569663456875,115.6772805257824,85.53517565148165,-37.14235250437341,-43.95178379684184,-45.18986221365429,-41.47562696321696,-42.7137053800294,-44.57082300524807,-43.33274458843562,-42.7137053800294,-38.99947012959208,10.1150926448419,149.4724459546916,-22.28541150262405,-23.5234899194365,-28.4758035866863,109.5822966105222,57.12783901074172,0,0,0,0,0,0,0,0,0,0,0,0,0,0,0,0,0,0,0,0,0,0,0,0,0,0,0,0,0,0,0,0,0,0,0,0,0,0,0,0,0,0,0,0,0,0,0,0,0,0,0,0,0,0,0,0,0,0,0,0,0,0,0,0,0,0,0,0,0,0,0
15.38057204135354,12.90441520772865,-6.80943129246846,-8.66654891768713,-12.38078416812447,-11.76174495971824,5.13583775473641,31.72029024323083,-9.285588126093353,-9.904627334499576,-9.904627334499576,-9.285588126093353,-9.285588126093353,29.52306566589462,30.14210487430084,0,0,0,0,0,0,0,0,0,-0.6190392084062235,0,0,0,0,45.30491935519458,29.98552200966991,-28.4758035866863,-32.19003883712364,-27.85676437828007,121.9288473056735,123.5070326746035,-36.52331329596719,-42.7137053800294,-41.47562696321696,-42.09466617162318,-37.14235250437341,-42.7137053800294,-40.85658775481074,-34.9451279270372,150.0914851630979,-6.28580025286429,-24.76156833624895,-27.85676437828007,76.96403490259655,79.1000847841039,0,0,0,0,0,0,0,0,0,0,0,0,0,0,0,0,0,0,0,0,0,0,0,0,0,0,0,0,0,0,0,0,0,0,0,0,4.394449154672439,24.16947035069841,27.94488029696462,54.9306144334055,52.73338985606928,0,0,0,0,0,0,0,0,0,0,0,0,0,0,0,0,0,0,0,0,0,0,0,0,0,0,0,0,0,0,0
6.591673732008658,14.14249362454109,-6.80943129246846,-8.047509709280908,-11.76174495971824,-12.99982337653069,-11.76174495971824,-11.76174495971824,-11.14270575131202,-9.904627334499576,-10.5236665429058,-9.904627334499576,18.87704973133108,25.7476557196284,2.19722457733622,0,0,0,0,0,0,0,0,0,-0.6190392084062235,-0.6190392084062235,0,0,0,0,55.88976059392928,60.746666092377,-33.42811725393609,-33.42811725393609,-32.80907804552987,86.55549650783433,134.7720878175732,-23.7412474798963,-40.23754854640452,-37.76139171277963,-39.6185093379983,-40.85658775481074,-39.6185093379983,126.9423356687522,48.862571741001,-24.76156833624895,-25.9996467530614,63.50175518229058,81.29730936144011,0,0,0,0,0,0,0,0,0,0,0,0,0,0,0,0,0,0,0,0,0,0,0,0,0,0,0,0,0,0,0,0,0,0,2.19722457733622,30.76114408270707,65.91673732008661,56.5087998023355,56.5087998023355,58.0869851712655,-12.04067721600692,52.73338985606928,2.19722457733622,0,0,0,0,0,0,0,0,0,0,0,0,0,0,0,0,0,0,0,0,0,0,0,0,0,0,0,0,0,0
-1.857117625218671,-1.517010673101121,15.72067899347108,-8.047509709280908,-8.047509709280908,30.20327957012971,-14.23790179334314,-12.38078416812447,-8.66654891768713,-8.66654891768713,-8.66654891768713,13.86356136825242,20.11512814814352,2.537331529453769,0.9591461605237726,1.578185368929996,2.19722457733622,-0.6190392084062235,-0.6190392084062235,-0.6190392084062235,-0.6190392084062235,0,0,0,0,-0.6190392084062235,0,0,0,0,0,46.48182307617817,92.06567468766141,-34.04715646234231,-32.19003883712364,-30.9519604203112,14.16943484739681,141.3637615495819,46.72652185949369,-37.76139171277963,-34.04715646234231,-35.90427408756097,105.6503037996251,108.6843251458273,-26.61868596146762,-27.85676437828007,34.37997116434236,103.6096620869198,0,0,0,0,0,0,0,0,0,0,0,0,0,0,0,0,0,0,0,0,0,0,0,0,0,0,0,0,0,0,59.32506358807795,10.9861228866811,8.788898309344878,65.91673732008661,72.50841105209525,63.10047353434417,60.28420974860172,-1.054554329325826,-17.95213704378048,-16.0950194185618,-16.71405862696803,-14.85694100174936,36.11473939790328,48.33894070139684,0,0,0,0,0,0,0,0,0,0,0,0,0,0,0,0,0,0,0,0,0,0,0,0,0,0,0,0,0,0
14.76153283294732,5.693702267313761,-6.190392084062236,-6.190392084062236,28.9040264574884,33.63858256427837,6.094983915260182,-11.76174495971824,-10.5236665429058,-8.047509709280908,2.258399273165094,17.91790357080731,1.578185368929996,-1.238078416812447,0.9591461605237726,-1.238078416812447,-1.238078416812447,-1.857117625218671,-1.238078416812447,-0.6190392084062235,-0.6190392084062235,-0.6190392084062235,-0.6190392084062235,-0.6190392084062235,-0.6190392084062235,-1.238078416812447,-1.238078416812447,-0.6190392084062235,-0.6190392084062235,-0.6190392084062235,-0.6190392084062235,0,30.14210487430084,81.41965875309791,11.63210331794304,-35.28523487915475,-30.9519604203112,-29.99281425978742,138.887604715957,89.31058559774785,-34.66619567074853,64.86218299076079,97.41927000285762,-28.4758035866863,-27.23772516987385,-26.61868596146762,102.9906228785136,-0.6190392084062235,0,0,0,0,0,0,0,0,0,0,0,0,0,0,0,0,0,0,0,0,0,0,0,0,0,0,0,0,0,55.27072138552305,65.91673732008661,61.52228816541417,60.90324895700795,16.46206759353506,-17.95213704378048,-20.42829387740538,-18.5711762521867,-16.71405862696803,-16.71405862696803,-16.0950194185618,-14.85694100174936,-14.23790179334314,34.25762177268462,46.14171612406061,0,0,0,0,0,0,0,0,0,0,0,0,0,0,0,0,0,0,0,0,0,0,0,0,0,0,0,0,0,0
17.57779661868976,11.32622983879865,-5.571352875656013,35.15559323737951,47.71990149299062,19.83619589185484,16.40089289770618,-10.5236665429058,-8.047509709280908,8.231033796767532,23.55043114229219,8.788898309344878,0,-0.6190392084062235,-1.238078416812447,-0.6190392084062235,-0.6190392084062235,-0.6190392084062235,-1.238078416812447,-1.238078416812447,-1.238078416812447,-1.238078416812447,-1.238078416812447,-0.6190392084062235,-1.238078416812447,-0.6190392084062235,-1.238078416812447,-0.6190392084062235,-0.6190392084062235,-0.6190392084062235,-0.6190392084062235,-0.6190392084062235,-0.6190392084062235,0.340106952117549,113.3577065567884,46.38641490737611,-30.9519604203112,-27.85676437828007,-26.8976182177563,98.77969781132784,96.46012384233383,119.6704480325084,-22.90445071103028,-24.76156833624895,-25.38060754465517,98.87510598012983,35.49570018949706,0,0,0,0,0,0,0,0,0,0,0,0,0,0,0,0,0,0,0,0,0,0,0,0,0,0,0,0,0,51.83541839137438,38.37313867106838,-17.95213704378048,-17.95213704378048,-17.33309783537425,-17.33309783537425,-17.95213704378048,-19.80925466899915,-18.5711762521867,-16.71405862696803,-14.85694100174936,-17.95213704378048,10.82954002205018,26.4278696238635,43.32545233831817,0,0,0,0,0,0,0,0,0,0,0,0,0,0,0,0,0,0,0,0,0,0,0,0,0,0,0,0,0,0,0
17.57779661868976,19.77502119602597,19.77502119602597,61.52228816541417,38.65207092735707,-12.38078416812447,-10.5236665429058,-9.904627334499576,-6.469324340350912,17.29886436240108,10.9861228866811,0,0,0,-0.6190392084062235,-0.6190392084062235,0,-0.6190392084062235,-0.6190392084062235,-0.6190392084062235,-0.6190392084062235,-1.238078416812447,-1.238078416812447,-1.238078416812447,-1.238078416812447,-1.238078416812447,-1.857117625218671,-0.6190392084062235,-0.6190392084062235,-0.6190392084062235,-0.6190392084062235,-0.6190392084062235,-0.6190392084062235,-0.6190392084062235,1.578185368929996,67.89620433696301,58.54944151504077,-31.57099962871742,-26.61868596146762,-31.57099962871742,106.9495569122665,-16.80946679577008,-28.4758035866863,-21.66637229421783,70.99140037899413,60.62431670071927,0,0,0,0,0,0,0,0,0,0,0,0,0,0,0,0,0,0,0,0,0,0,0,0,0,0,0,0,0,34.53655402897328,42.76758782574082,-20.42829387740538,-19.80925466899915,-17.33309783537425,-18.5711762521867,-17.95213704378048,-17.95213704378048,-17.33309783537425,-18.5711762521867,-16.0950194185618,-16.71405862696803,-19.19021546059293,43.66555929043572,50.53616527873306,0,0,0,0,0,0,0,0,0,0,0,0,0,0,0,0,0,0,0,0,0,0,0,0,0,0,0,0,0,0,0,0
10.36708367827488,-2.476156833624894,4.115516898383763,2.877438481571316,33.6385825642784,-14.85694100174936,-11.76174495971824,-10.5236665429058,10.42825837410375,25.74765571962841,15.38057204135354,0,0,0,0,-0.6190392084062235,2.19722457733622,0,0,0,0,0,-0.6190392084062235,-0.6190392084062235,-0.6190392084062235,-1.238078416812447,-1.857117625218671,-1.857117625218671,-1.238078416812447,-1.238078416812447,-1.238078416812447,-0.6190392084062235,-0.6190392084062235,-0.6190392084062235,2.19722457733622,0,58.42709212338304,70.4335358664168,-29.09484279509252,-40.85658775481074,-33.42811725393609,-40.85658775481074,-40.85658775481074,72.9096927000417,82.25645552196389,0,0,0,0,0,0,0,0,0,0,0,0,0,0,0,0,0,0,0,0,0,0,0,0,0,0,0,0,0,0,68.11396189742283,11.78868618257395,-18.5711762521867,-18.5711762521867,-19.80925466899915,-16.71405862696803,-17.33309783537425,-17.33309783537425,-17.95213704378048,-17.95213704378048,-17.95213704378048,-16.71405862696803,-17.33309783537425,-16.0950194185618,52.11435064766306,0,0,0,0,0,0,0,0,0,0,0,0,0,0,0,0,0,0,0,0,0,0,0,0,0,0,0,0,0,0,0,0
13.18334746401732,-2.476156833624894,4.115516898383764,28.62509420119972,30.82231877853595,-14.85694100174936,-13.61886258493691,-13.61886258493691,9.190179957291303,28.56391950537085,15.38057204135354,0,0,0,0,-0.6190392084062235,2.19722457733622,2.19722457733622,0,0,0,0,0,0,0,0,4.394449154672439,3.775409946266215,-1.238078416812447,-1.238078416812447,-1.238078416812447,-1.238078416812447,-1.238078416812447,4.394449154672439,0,0,0,38.93100318364573,123.4458579787746,-7.122597021730295,-38.38043092118586,-37.76139171277963,-43.33274458843562,123.4458579787746,-1.238078416812447,0,0,0,0,0,0,0,0,0,0,0,0,0,0,0,0,0,0,0,0,0,0,0,0,0,0,0,0,0,78.48104557569768,67.83502964113416,-19.80925466899915,-18.5711762521867,-17.95213704378048,-17.95213704378048,-19.19021546059293,-15.47598021015558,-17.33309783537425,-16.71405862696803,-18.5711762521867,-17.33309783537425,23.05374132554369,35.83580714161461,-8.326441965569582,39.55004239205195,0,0,0,0,0,0,0,0,0,0,0,0,0,0,0,0,0,0,0,0,0,0,0,0,0,0,0,0,0,0,0,0
-1.857117625218671,-0.2789322562886745,1.299253112641321,2.877438481571316,28.00605499279349,13.30569685567507,-10.80259879919447,-13.61886258493691,7.67316928419019,30.14210487430084,0,0,4.394449154672439,0,0,-0.6190392084062235,-0.6190392084062235,1.578185368929996,0,0,0,0,0,0,0,0,2.19722457733622,-1.238078416812447,-0.6190392084062235,0,0,-0.6190392084062235,-1.238078416812447,4.394449154672439,0,0,0,0,39.55004239205195,112.4597350920936,67.39951452021454,-38.38043092118586,-38.99947012959208,25.71342224665523,71.33150733111169,8.850073005173753,0,0,0,0,0,0,0,0,0,0,0,0,0,0,0,0,0,0,0,0,0,0,0,0,0,0,0,96.67788140279362,89.80727541449629,-25.9996467530614,-22.28541150262405,-21.66637229421783,-17.33309783537425,-17.33309783537425,-16.0950194185618,-17.33309783537425,-18.5711762521867,-15.75491246644426,36.17591409373217,18.65929217087127,52.45445759978062,0.1223493916577481,12.96558990355752,33.91751482056706,2.19722457733622,0,0,0,0,0,0,0,0,0,0,0,0,0,0,0,0,0,0,0,0,0,0,0,0,0,0,0,0,0,0,0
0.340106952117549,-0.2789322562886745,-3.095196042031118,-4.333274458843565,11.32622983879865,6.094983915260181,29.24413340960594,-2.353807441967142,-2.353807441967144,26.4278696238635,10.0881514219862,32.95836866004328,21.97224577336219,-1.238078416812447,0,0,-0.6190392084062235,-1.238078416812447,0,0,0,0,0,0,0,0,0,-1.857117625218671,-1.238078416812447,0,0,0,0,0,0,0,0,0,0,0,103.9497690390373,86.49432181200537,-36.52331329596719,-30.33292121190497,-2.17028335448052,67.27716512855683,45.24374465936572,0,0,0,0,0,0,0,0,0,0,0,0,0,0,0,0,0,0,0,0,0,0,0,0,0,91.66439303971497,126.2009470686882,-36.52331329596719,-27.85676437828007,-26.61868596146762,-26.61868596146762,-20.42829387740538,-19.19021546059293,-15.47598021015558,-16.71405862696803,-16.71405862696803,59.38623828390684,64.05961969486793,17.7001460103475,50.87627223085061,-9.564520382382028,8.911247701002631,27.04690883226972,30.76114408270707,0,0,0,0,0,0,0,0,0,0,0,0,0,0,0,0,0,0,0,0,0,0,0,0,0,0,0,0,0,0,0
3.775409946266215,-2.476156833624894,-2.476156833624894,20.45523510026106,-11.14270575131202,16.95875741028354,12.28537599932242,37.69292476683328,0.4624563437752978,-10.5236665429058,4.795730802618862,32.95836866004328,25.12861651122218,4.115516898383765,0,0,-0.6190392084062235,-1.238078416812447,0,0,0,0,0,0,2.19722457733622,2.19722457733622,0,-0.6190392084062235,-1.238078416812447,-0.6190392084062235,0,0,2.19722457733622,0,0,0,0,0,0,0,0,81.35848405726898,72.63076044375303,-30.33292121190497,-27.23772516987385,-26.61868596146762,47.56331862835971,51.55648613508572,0,0,0,0,0,0,0,0,0,0,0,0,0,0,0,0,0,0,0,0,0,0,0,30.14210487430084,140.6223729495179,-24.29911199247365,-30.33292121190497,-35.90427408756097,-35.28523487915475,-33.42811725393609,-23.5234899194365,-24.14252912784272,-22.90445071103028,-21.0473330858116,-15.47598021015558,-2.63273969825582,69.07310805794658,2.101816408534167,64.67865890327417,-15.47598021015558,33.91751482056706,10.42825837410375,27.94488029696462,0,0,0,0,0,0,0,0,0,0,0,0,0,0,0,0,0,0,0,0,0,0,0,0,0,0,0,0,0,0,0
2.537331529453768,7.550819892532431,14.48260057665864,54.03264296871062,10.5506077657615,54.65168217711684,12.68665764726885,42.08737392150572,-10.18355959078825,-13.61886258493691,-11.14270575131202,-9.285588126093353,-7.428470500874684,10.0881514219862,19.15598198761975,0,0,-1.238078416812447,-0.6190392084062235,0,0,0,0,46.14171612406061,0,-0.6190392084062235,-0.6190392084062235,0,-1.857117625218671,-1.238078416812447,0,0,-0.6190392084062235,0,0,0,0,0,0,0,0,0,48.67904765351439,86.37197242034765,-26.8976182177563,-26.61868596146762,-27.23772516987385,46.94427941995347,60.96442365283684,0,0,0,0,0,0,0,0,0,0,0,0,0,0,0,0,0,0,0,0,0,4.394449154672439,147.2140466815266,37.03965208545387,-33.42811725393609,-37.76139171277963,-37.76139171277963,-35.90427408756097,-32.80907804552987,-34.04715646234231,-32.19003883712364,-34.04715646234231,-26.61868596146762,-24.14252912784272,-22.28541150262405,-11.36046331177182,-5.38782878816939,58.42709212338305,22.09459516501993,31.44135798694217,-4.272099763014691,30.14210487430084,0,0,0,0,0,0,0,0,0,0,0,0,0,0,0,0,0,0,0,0,0,0,0,0,0,0,0,0,0,0,0
6.591673732008658,6.591673732008658,-0.897971464694898,20.11512814814353,11.04729758250997,54.03264296871061,-9.503345686553153,-8.884306478146932,-16.0950194185618,-17.33309783537425,-12.38078416812447,-10.5236665429058,-9.285588126093353,-7.428470500874684,21.35320656495597,19.15598198761975,0,-0.6190392084062235,-1.238078416812447,0,0,0,74.70563562943147,74.70563562943147,60.90324895700795,10.36708367827488,-0.6190392084062235,0,-0.6190392084062235,-1.238078416812447,0,0,-0.6190392084062235,0,0,0,0,0,0,0,0,0,0,21.0742743086673,67.89620433696304,27.23043291975635,-26.61868596146762,-25.9996467530614,39.73356647953857,66.03908671174436,0.9591461605237726,0,0,0,0,0,0,0,0,0,0,0,0,0,0,0,0,0,0,0,140.6223729495179,114.0379204610235,-38.99947012959208,-36.52331329596719,-37.14235250437341,-35.90427408756097,-35.28523487915475,-34.04715646234231,-34.66619567074853,-35.28523487915475,-34.66619567074853,-35.28523487915475,-34.04715646234231,-34.04715646234231,11.91103557423171,58.76719907550061,33.14189274752991,-10.7414241033656,19.2783313792775,-15.47598021015558,30.48221182641839,-2.476156833624894,0,0,0,0,0,0,0,0,0,0,0,0,0,0,0,0,0,0,0,0,0,0,0,0,0,0,0,0,0,0
2.19722457733622,1.578185368929996,10.36708367827488,8.788898309344878,8.169859100938655,9.469112213579979,21.41438126078484,-11.70057026388937,33.97868951639593,-17.33309783537425,-16.71405862696803,-15.47598021015558,-13.61886258493691,-11.14270575131202,-8.66654891768713,4.455623850501314,16.95875741028354,10.9861228866811,-1.238078416812447,0,0,10.9861228866811,74.70563562943147,-21.0473330858116,-16.37395167485048,68.11396189742283,37.35281781471573,-0.6190392084062235,0,-1.857117625218671,-1.238078416812447,0,-0.6190392084062235,0,0,0,0,0,0,0,0,0,0,0,0.9591461605237726,64.73983359910304,35.06018506857743,-29.09484279509252,-27.85676437828007,6.557440259035481,74.48787806897168,10.42825837410375,0,0,0,0,0,0,0,0,0,0,0,0,0,0,0,0,0,54.9306144334055,126.2009470686882,-38.38043092118586,-35.90427408756097,3.523418912833247,-35.28523487915475,-32.19003883712364,-35.28523487915475,-33.42811725393609,-34.66619567074853,-34.04715646234231,-34.66619567074853,-34.04715646234231,-34.04715646234231,-34.04715646234231,-34.04715646234231,-24.63921894459122,-34.04715646234231,-27.23772516987385,-24.14252912784272,-20.42829387740538,2.659680921111516,38.31196397523951,0,0,0,0,0,0,0,0,0,0,0,0,0,0,0,0,0,0,0,0,0,0,0,0,0,0,0,0,0,0
0,0,0,0,3.775409946266215,0.9591461605237726,-3.714235250437341,8.509966053056205,-3.653060554608468,5.135837754736412,52.45445759978061,-7.646228061334484,-16.0950194185618,-14.85694100174936,-14.23790179334314,-12.99982337653069,-8.047509709280908,18.53694277921353,15.38057204135354,0,0,74.70563562943147,10.14932611781508,-19.80925466899915,-18.5711762521867,-19.19021546059293,60.90324895700795,31.72029024323084,0,-0.6190392084062235,-1.238078416812447,0,-0.6190392084062235,0,0,0,0,0,0,0,0,0,0,0,0,-0.6190392084062235,64.39972664698548,59.16848072344705,-30.9519604203112,-27.85676437828007,-21.60519759838896,59.78751993185327,31.84263963488858,0,0,0,0,0,0,0,0,0,0,0,0,0,0,0,39.55004239205195,48.33894070139684,-14.85694100174936,-14.85694100174936,11.38740453462752,33.20306744335879,-1.891351098191836,-30.9519604203112,-32.19003883712364,41.37292654429746,41.99196575270367,-32.80907804552987,-31.57099962871742,-32.80907804552987,-33.42811725393609,-33.42811725393609,-34.04715646234231,-32.80907804552987,-33.42811725393609,-33.42811725393609,-32.80907804552987,-32.19003883712364,-29.09484279509252,83.55570863460521,36.51602104584971,1.918292321047545,-0.6190392084062235,0,0,0,0,0,0,0,0,0,0,0,0,0,0,0,0,0,0,0,0,0,0,0,0,0,0,0
0,0,0,2.19722457733622,-0.6190392084062235,-0.6190392084062235,-2.476156833624894,1.918292321047544,0.340106952117549,0.9591461605237726,6.312741475719984,34.87666098109084,4.237866290041516,38.65207092735705,-14.85694100174936,-13.61886258493691,-13.61886258493691,-12.99982337653069,-5.231245923538464,17.29886436240108,68.11396189742283,70.31118647475904,-21.0473330858116,-14.23790179334314,-18.5711762521867,-19.19021546059293,-17.95213704378048,31.78146493905971,50.53616527873306,0,-1.857117625218671,-1.238078416812447,-0.6190392084062235,0,0,0,0,0,0,0,0,0,0,0,0,0,38.93100318364573,25.87000511128615,-27.23772516987385,-31.57099962871742,-28.4758035866863,-29.09484279509252,54.77403156877459,63.44058048646172,-1.857117625218671,0,0,0,0,0,0,0,0,0,0,0,0,37.35281781471573,39.55004239205195,-11.76174495971824,-12.38078416812447,20.1763028439724,19.15598198761975,15.72067899347109,10.7683653262213,-11.14270575131202,-12.99982337653069,70.99140037899414,33.822106651765,42.27089800899235,-0.5920979855505251,-31.57099962871742,-31.57099962871742,-32.19003883712364,-32.80907804552987,-30.33292121190497,-31.57099962871742,-32.19003883712364,-32.80907804552987,-33.42811725393609,-32.19003883712364,-24.97932589670874,23.45502297349013,58.48826681921193,45.64502630731215,60.34538444443059,52.17552534349193,13.92473606408129,0,0,0,0,0,0,0,0,0,0,0,0,0,0,0,0,0,0,0,0,0,0,0,0
0,0,0,0,0,-1.238078416812447,-2.476156833624894,-3.714235250437341,-1.238078416812447,-1.857117625218671,2.537331529453768,-1.857117625218671,4.734556106789988,-5.571352875656013,2.319573968993968,45.52267691565439,26.4278696238635,-12.99982337653069,-12.99982337653069,16.74099984982374,59.32506358807795,-18.5711762521867,-19.19021546059293,-18.5711762521867,-18.5711762521867,-18.5711762521867,-17.95213704378048,-16.71405862696803,49.29808686192062,52.11435064766306,2.19722457733622,-1.857117625218671,-0.6190392084062235,0,0,0,0,0,0,0,0,0,0,0,0,17.57779661868976,22.31235272547974,-12.38078416812447,-22.28541150262405,-26.61868596146762,-32.80907804552987,-28.4758035866863,-27.85676437828007,13.14911399104415,22.83598376508391,5.353595315196212,0,0,0,0,0,0,0,0,0,0,28.56391950537085,39.55004239205195,-11.76174495971824,-12.38078416812447,-12.99982337653069,47.71990149299062,28.9040264574884,18.25801052292485,-8.047509709280908,11.6663367909162,18.53694277921353,37.69292476683328,15.50292143301129,-14.85694100174936,71.61043958740036,-21.94530455050651,-26.61868596146762,-30.9519604203112,-32.19003883712364,-31.57099962871742,-31.57099962871742,-32.19003883712364,-32.19003883712364,-32.80907804552987,-33.42811725393609,-34.04715646234231,-33.42811725393609,-28.4758035866863,-26.61868596146762,-24.76156833624895,-13.49651319327916,62.54260902176681,65.35887280750926,56.91008145028192,64.73983359910302,39.33228483159215,-0.6190392084062235,-0.6190392084062235,0,0,0,0,0,0,0,0,0,0,0,0,0,0,0,0,0,0
0,0,0,0,2.19722457733622,1.578185368929996,-1.238078416812447,-3.095196042031118,-0.2789322562886745,-2.476156833624894,0.340106952117549,-3.095196042031118,-2.476156833624894,-1.857117625218671,-0.6190392084062235,38.93100318364573,-0.4966898167484746,27.04690883226973,-6.748256596639585,-13.61886258493691,-14.85694100174936,-15.47598021015558,-14.85694100174936,-16.71405862696803,-19.19021546059293,-17.95213704378048,-14.23790179334314,-16.71405862696803,-16.0950194185618,12.68665764726884,57.12783901074172,31.72029024323084,-0.6190392084062235,0,0,0,0,0,0,0,0,0,0,0,15.38057204135354,21.35320656495597,4.455623850501313,-8.047509709280908,-10.5236665429058,-22.90445071103028,-7.523878669676733,61.3657053007833,-27.85676437828007,-28.4758035866863,0.30587347914438,79.16125947993278,-0.2789322562886745,0,0,0,0,0,0,0,0,0,37.35281781471573,-5.51017817982714,-12.99982337653069,-12.99982337653069,-14.85694100174936,5.816051658971512,22.03342046919107,-8.047509709280908,-5.571352875656013,7.550819892532431,6.931780684126207,9.809219165697527,45.52267691565439,-10.5236665429058,2.93861317740019,36.11473939790328,-12.38078416812447,-16.0950194185618,-21.66637229421783,-26.61868596146762,4.360215681699272,94.82076377757494,13.4892209431617,-32.80907804552987,-34.04715646234231,-34.04715646234231,-34.04715646234231,-29.09484279509252,-27.23772516987385,-25.9996467530614,-25.9996467530614,-24.76156833624895,-24.76156833624895,-25.9996467530614,-20.98615838998272,56.29104224187569,56.29104224187569,73.18862495633034,65.97791201591548,65.63780506379794,16.06078594558864,-0.6190392084062235,-0.6190392084062235,0,0,0,0,0,0,0,0,0,0,0,0,0
0,0,0,0,2.19722457733622,1.578185368929996,1.578185368929996,-2.476156833624894,1.918292321047544,5.353595315196211,-3.095196042031118,-0.2789322562886745,-1.238078416812447,-1.857117625218671,35.15559323737951,9.809219165697526,-3.034021346202243,37.35281781471573,-2.693914394084695,-1.115729025154699,-13.61886258493691,-14.23790179334314,-14.23790179334314,-14.23790179334314,-16.0950194185618,-16.0950194185618,-16.71405862696803,-12.99982337653069,-16.0950194185618,-16.0950194185618,-12.04067721600692,54.31157522499928,52.73338985606928,2.19722457733622,0,0,0,0,0,0,0,0,0,-0.6190392084062235,19.15598198761975,-6.80943129246846,-6.190392084062236,-6.80943129246846,-8.047509709280908,-9.904627334499576,48.06000844510817,82.25645552196389,51.61766083091457,-27.85676437828007,-29.09484279509252,14.38719240785659,43.16886947368725,11.32622983879865,0,0,0,0,0,0,0,50.53616527873306,26.4278696238635,-14.23790179334314,-14.85694100174936,-17.33309783537425,-17.33309783537425,55.27072138552306,17.29886436240108,11.94526904720487,9.12900526146243,1.299253112641322,13.52345441613487,-3.714235250437341,2.877438481571317,-0.217757560459801,1.020320856352647,12.62548295143997,-9.904627334499576,-11.14270575131202,-10.5236665429058,-11.14270575131202,22.65245967759729,26.08776267174595,91.38546078342628,35.40029202069501,-32.19003883712364,-32.19003883712364,-33.42811725393609,-32.80907804552987,-27.85676437828007,-27.85676437828007,-25.9996467530614,-25.9996467530614,-27.23772516987385,-26.61868596146762,-25.9996467530614,-25.38060754465517,-25.38060754465517,-25.38060754465517,-25.38060754465517,25.93117980711503,56.2910422418757,67.55609738484547,68.17513659325169,62.20250206964928,49.01915460563195,-0.897971464694898,0,0,0,0,6.591673732008658,0,0,0,0,0
0,0,0,0,2.19722457733622,0,-0.6190392084062235,-3.714235250437341,1.918292321047544,-3.714235250437341,10.9861228866811,0.340106952117549,-1.857117625218671,0,15.38057204135354,-3.095196042031118,-1.517010673101122,7.890926844649981,17.91790357080731,5.414770011025086,-12.38078416812447,-13.61886258493691,-13.61886258493691,37.69292476683328,7.952101540478854,-12.99982337653069,-16.0950194185618,-16.0950194185618,-15.47598021015558,-15.47598021015558,-14.85694100174936,-15.47598021015558,13.30569685567507,50.53616527873306,0,0,0,0,0,0,0,0,0,24.16947035069841,2.258399273165092,-8.047509709280908,-6.80943129246846,-8.047509709280908,-6.80943129246846,23.55043114229219,30.76114408270707,0,65.29769811168039,60.68549139654815,-29.09484279509252,-28.4758035866863,-13.15640624116162,50.37958241410215,22.71363437342616,-0.6190392084062235,0,0,0,0,59.32506358807795,47.10086228458439,-15.47598021015558,-14.85694100174936,-16.71405862696803,-15.47598021015558,-14.85694100174936,33.6385825642784,48.33894070139684,10.36708367827488,13.18334746401732,0.6802139042350983,22.31235272547974,24.50957730281596,-8.047509709280908,-10.5236665429058,-9.904627334499576,9.809219165697527,-10.5236665429058,-9.285588126093353,-9.285588126093353,-9.285588126093353,-5.850285131944688,15.72067899347109,22.93139193388597,75.04574258154901,81.01837710515143,78.88232722364413,87.67122553298897,69.53556440172193,5.31936184222304,-28.4758035866863,-27.85676437828007,-27.23772516987385,-27.23772516987385,-27.23772516987385,-27.23772516987385,-25.9996467530614,-25.38060754465517,-25.38060754465517,-25.38060754465517,-24.76156833624895,-24.76156833624895,-24.76156833624895,-24.76156833624895,-19.12904076476405,45.02598709890591,78.82115252781522,57.52912065868815,54.37274992082816,64.05961969486793,10.36708367827488,22.93139193388597,25.12861651122218,7.271887636243756,17.57779661868976,6.591673732008658,0
0,0,0,0,0,0,3.156370737859992,-1.238078416812447,-3.095196042031118,1.299253112641321,3.775409946266215,-1.238078416812447,2.19722457733622,0,15.38057204135354,-4.333274458843565,-4.952313667249789,-3.095196042031118,17.57779661868976,9.129005261462428,20.11512814814353,-8.66654891768713,5.414770011025086,38.3119639752395,29.52306566589462,23.27149888600351,30.48221182641839,-12.65971642441314,-16.0950194185618,-16.0950194185618,-16.0950194185618,-14.85694100174936,-14.85694100174936,53.69253601659305,61.52228816541417,43.94449154672439,0,0,0,0,0,0,27.94488029696462,28.56391950537085,30.14210487430084,-6.80943129246846,-7.428470500874684,-7.428470500874684,21.35320656495597,26.36669492803463,0,0,0,56.5087998023355,72.56958574792412,-26.27857900935008,-29.71388200349875,-27.85676437828007,34.1010389080537,43.7267339862646,-0.6190392084062235,0,0,57.12783901074172,57.46794596285928,-16.71405862696803,-16.0950194185618,-16.71405862696803,-16.71405862696803,-13.61886258493691,-12.99982337653069,-11.76174495971824,38.93100318364573,6.591673732008658,13.18334746401732,-3.374128298319793,-4.952313667249789,19.15598198761975,-7.428470500874684,-8.66654891768713,-4.272099763014692,30.14210487430084,-7.428470500874684,-11.76174495971824,-11.14270575131202,11.04729758250997,26.36669492803463,0.340106952117549,-5.571352875656013,-11.76174495971824,-9.285588126093353,-8.66654891768713,-8.66654891768713,19.21715668344862,82.59656247408142,77.92318106312034,86.99101162875385,-27.23772516987385,-27.85676437828007,-27.85676437828007,-27.23772516987385,-26.61868596146762,-26.61868596146762,-25.9996467530614,-25.38060754465517,-25.38060754465517,-25.38060754465517,-25.38060754465517,-25.38060754465517,-24.76156833624895,-24.76156833624895,-24.76156833624895,-24.76156833624895,-24.76156833624895,19.67961302722393,56.2910422418757,51.27755387879703,-21.66637229421783,-9.782277942841816,60.28420974860173,-1.238078416812447,0
0,0,0,0,0,0,-1.238078416812447,0.9591461605237726,4.734556106789987,-4.333274458843565,-3.095196042031118,-1.238078416812447,0,0,8.169859100938655,-3.095196042031118,-1.238078416812447,0,4.394449154672439,14.14249362454109,13.52345441613487,-3.714235250437341,9.748044469868653,19.77502119602597,1.020320856352647,10.42825837410375,-6.469324340350911,28.28498724908217,26.42786962386351,5.816051658971507,-16.0950194185618,-14.85694100174936,-16.0950194185618,-17.95213704378048,-17.95213704378048,58.0869851712655,51.49531143925683,0,0,0,0,14.76153283294732,17.9179035708073,-6.469324340350911,24.50957730281596,16.67982515399486,-7.428470500874684,14.48260057665864,23.55043114229219,0,0,0,0,0,52.11435064766306,65.35887280750926,-16.25160228319274,-29.71388200349875,-29.71388200349875,22.21694455667769,51.89659308720326,-1.238078416812447,52.73338985606928,60.28420974860172,-19.19021546059293,-17.95213704378048,-17.33309783537425,-16.0950194185618,-14.85694100174936,-12.99982337653069,-11.76174495971824,-12.38078416812447,41.74726696938817,0,6.591673732008658,24.16947035069841,4.455623850501314,24.16947035069841,6.652848427837534,-5.571352875656013,-7.428470500874684,-8.66654891768713,7.611994588361305,30.14210487430084,27.94488029696462,22.93139193388597,-3.095196042031118,-4.333274458843565,-6.80943129246846,-11.76174495971824,-12.99982337653069,-12.38078416812447,-12.99982337653069,-12.38078416812447,-12.38078416812447,-11.14270575131202,67.4949226890166,-21.66637229421783,-25.38060754465517,-27.85676437828007,87.61005083716009,69.75332196218169,57.86922761080569,-20.98615838998273,-25.9996467530614,-25.9996467530614,-25.38060754465517,-25.38060754465517,-25.38060754465517,-25.38060754465517,-25.38060754465517,-24.76156833624895,-24.76156833624895,-24.76156833624895,-24.76156833624895,-24.76156833624895,-25.38060754465517,-25.38060754465517,-25.38060754465517,56.29104224187571,57.52912065868815,75.04574258154901
0,0,0,0,0,-0.6190392084062235,-0.6190392084062235,-1.238078416812447,-3.714235250437341,-4.333274458843565,-0.2789322562886745,0,0,2.19722457733622,6.591673732008658,-0.6190392084062235,0,0,0,21.97224577336219,-1.517010673101121,-3.095196042031118,14.76153283294731,12.5643082556111,8.509966053056205,18.53694277921353,8.23103379676753,11.04729758250998,21.35320656495597,32.33932945163706,53.69253601659306,-16.0950194185618,-17.33309783537425,-17.95213704378048,-19.19021546059293,-17.95213704378048,52.45445759978061,43.94449154672439,0,0,16.95875741028354,13.86356136825242,13.24452215984619,-9.285588126093353,24.50957730281596,-5.850285131944688,-5.231245923538464,30.76114408270707,0,0,0,0,0,0,0,46.14171612406061,74.42670337314279,7.856693371676811,-32.19003883712364,-32.19003883712364,15.68644552049791,43.23004416951613,53.41360376030438,-20.42829387740538,-19.19021546059293,-18.5711762521867,-16.0950194185618,-14.85694100174936,-13.61886258493691,-13.61886258493691,-13.61886258493691,-12.99982337653069,41.74726696938817,0,0,0,2.19722457733622,19.77502119602597,8.169859100938655,21.97224577336219,24.16947035069841,30.76114408270707,27.3258410885584,-0.897971464694898,-4.333274458843565,-4.333274458843565,-6.190392084062236,-8.047509709280908,-12.38078416812447,-14.85694100174936,-17.33309783537425,-14.85694100174936,-14.23790179334314,-13.61886258493691,-13.61886258493691,-9.564520382382028,34.53655402897328,-10.5236665429058,-11.76174495971824,-11.76174495971824,-13.61886258493691,-6.408149644522031,45.30491935519459,77.58307411100279,75.38584953366657,78.20211331940899,81.01837710515144,33.14189274752989,-22.56434375891273,-25.38060754465517,-25.38060754465517,-24.14252912784272,-24.76156833624895,-24.76156833624895,-24.76156833624895,-24.76156833624895,-25.38060754465517,-25.38060754465517,-25.38060754465517,-25.38060754465517,-24.76156833624895,77.58307411100279
0,0,0,0,0,-0.6190392084062235,-0.6190392084062235,-1.857117625218671,4.115516898383763,6.312741475719983,6.591673732008658,2.19722457733622,0,0,-0.6190392084062235,0,0,0,2.19722457733622,36.73377860630951,-4.952313667249789,5.353595315196211,6.591673732008658,8.788898309344878,9.129005261462428,-6.190392084062236,-6.190392084062236,0.06117469582887392,7.550819892532432,8.169859100938655,43.94449154672439,-14.85694100174936,-17.33309783537425,-17.95213704378048,-19.19021546059293,-18.5711762521867,60.90324895700795,52.11435064766306,10.9861228866811,8.788898309344878,31.72029024323084,29.52306566589462,25.12861651122218,-10.5236665429058,-9.285588126093353,-8.66654891768713,30.76114408270707,11.94526904720487,0,0,0,0,0,0,0,0,17.57779661868976,80.05923094462767,53.87606010407968,-34.04715646234231,-38.38043092118586,15.4686879600381,-31.44865023705969,-26.61868596146762,-19.19021546059293,-16.71405862696803,-16.71405862696803,-14.85694100174936,-14.85694100174936,-14.85694100174936,-14.23790179334314,-12.99982337653069,43.94449154672439,0,0,0,-0.6190392084062235,-1.238078416812447,-2.476156833624894,-2.476156833624894,-3.095196042031118,-4.952313667249789,-5.571352875656013,-6.80943129246846,-6.80943129246846,-8.047509709280908,-9.285588126093353,-11.14270575131202,-14.23790179334314,-15.47598021015558,-16.71405862696803,-15.47598021015558,-13.61886258493691,-12.38078416812447,-12.38078416812447,23.89053809440974,28.9040264574884,-9.285588126093353,-8.66654891768713,9.190179957291306,8.57114074888508,-11.76174495971824,-14.85694100174936,-14.23790179334314,-9.904627334499576,-8.047509709280908,7.33306233207263,65.01876585539172,72.56958574792412,83.83464089089387,64.73983359910304,5.598294098511714,-25.38060754465517,-21.9453045505065,-24.76156833624895,-24.76156833624895,-25.38060754465517,-25.38060754465517,-25.38060754465517,-24.76156833624895,-25.38060754465517,86.03186546823009
0,0,0,0,-0.6190392084062235,-0.6190392084062235,-1.238078416812447,0.340106952117549,2.537331529453769,2.537331529453769,0,0,0,2.19722457733622,-0.6190392084062235,0,0,0,0,37.35281781471573,-9.904627334499576,13.52345441613487,0,4.394449154672439,15.38057204135354,-4.333274458843565,-4.952313667249789,-4.952313667249789,-0.897971464694898,32.33932945163706,27.66594804067595,-14.23790179334314,-16.0950194185618,-18.5711762521867,-17.95213704378048,-17.95213704378048,-17.33309783537425,25.80883041545729,46.14171612406061,27.66594804067595,28.9040264574884,-9.904627334499576,-11.14270575131202,-9.904627334499576,-9.904627334499576,27.3258410885584,25.74765571962841,0,0,0,0,0,0,0,0,0,0,0,76.28382099836146,77.36531655054299,-42.09466617162318,-43.95178379684184,-42.7137053800294,-42.09466617162318,-38.38043092118586,-19.80925466899915,-17.33309783537425,-16.0950194185618,-16.0950194185618,-14.85694100174936,-14.23790179334314,-12.99982337653069,43.94449154672439,5.972634523602435,-1.857117625218671,-2.476156833624894,-3.714235250437341,-3.714235250437341,-3.714235250437341,-4.952313667249789,-6.190392084062236,-6.80943129246846,-7.428470500874684,-7.428470500874684,-9.285588126093353,-9.285588126093353,-10.5236665429058,-10.5236665429058,-13.61886258493691,-14.23790179334314,-14.85694100174936,-15.47598021015558,-12.99982337653069,-13.61886258493691,-12.38078416812447,33.29847561216084,-4.61220671513224,12.00644374303375,-0.217757560459801,17.9179035708073,36.73377860630951,39.8901493441695,45.52267691565439,56.5087998023355,42.42748087362327,-9.904627334499576,-9.904627334499576,-6.190392084062236,-4.952313667249789,10.9861228866811,16.95875741028354,40.5703632484046,58.14815986709438,76.62392795047901,42.82876252156969,-22.56434375891273,-24.76156833624895,-25.38060754465517,-25.38060754465517,-25.38060754465517,-25.38060754465517,82.59656247408144
0,0,0,0,-1.238078416812447,-1.238078416812447,-1.238078416812447,-1.238078416812447,-2.476156833624894,-0.6190392084062235,0,0,0,-0.6190392084062235,0,0,0,0,25.7476557196284,35.15559323737951,-9.285588126093353,20.11512814814352,24.16947035069841,17.57779661868976,10.9861228866811,19.77502119602597,14.76153283294732,-3.714235250437341,9.748044469868651,32.33932945163706,-10.5236665429058,-12.99982337653069,-14.23790179334314,-16.71405862696803,8.013276236307727,-14.23790179334314,-13.61886258493691,-14.23790179334314,-16.0950194185618,1.761709456416619,-17.95213704378048,-15.47598021015558,-12.38078416812447,17.01993210611241,32.33932945163706,26.70680188015218,0,0,0,0,0,0,0,0,0,0,0,0,0,92.28343224812119,107.7251789853036,-34.60502097491963,-41.47562696321696,-40.85658775481074,-38.99947012959208,-38.38043092118586,-22.90445071103028,-17.33309783537425,-17.33309783537425,-14.85694100174936,-14.85694100174936,-12.99982337653069,43.94449154672439,17.91790357080731,-3.714235250437341,-4.333274458843565,-4.333274458843565,-5.571352875656013,-6.80943129246846,-6.80943129246846,-6.80943129246846,-8.047509709280908,-6.80943129246846,-8.66654891768713,-9.285588126093353,-9.904627334499576,-9.285588126093353,-9.285588126093353,-12.99982337653069,-14.85694100174936,-13.61886258493691,-16.71405862696803,-12.99982337653069,-11.76174495971824,-8.66654891768713,41.74726696938817,6.652848427837533,9.469112213579976,14.48260057665864,26.36669492803463,-8.66654891768713,-8.047509709280908,-8.66654891768713,-2.41498213779602,26.08776267174596,-12.38078416812447,-9.285588126093353,-9.285588126093353,-5.231245923538464,16.95875741028353,0,0,0,0,19.15598198761975,18.93822442715995,13.7069785036215,-20.70722613369406,-22.56434375891273,25.3121405987088,55.67200303346949,91.04535383130874
0,0,0,1.578185368929996,-0.6190392084062235,-1.857117625218671,-1.238078416812447,-1.238078416812447,-1.857117625218671,-0.6190392084062235,0,0,2.19722457733622,0,0,0,0,0,26.36669492803463,-8.047509709280908,-9.285588126093353,-6.80943129246846,-6.190392084062236,17.91790357080731,23.55043114229219,21.97224577336219,26.36669492803463,0.340106952117549,7.55081989253243,24.8496842549335,-12.38078416812447,-11.14270575131202,-11.14270575131202,22.03342046919107,61.52228816541417,43.32545233831817,-16.0950194185618,-17.95213704378048,-17.33309783537425,-17.33309783537425,-18.5711762521867,-19.19021546059293,25.87000511128615,45.86278386777195,32.33932945163706,0,0,0,0,0,0,0,0,0,0,0,0,0,0,0,79.1000847841039,88.9093039498014,-28.35345419502855,-40.23754854640452,-37.76139171277963,-37.76139171277963,-37.14235250437341,-24.14252912784272,-17.95213704378048,-15.47598021015558,-14.85694100174936,-13.61886258493691,46.14171612406061,28.56391950537085,-4.333274458843565,-6.190392084062236,-5.571352875656013,-5.571352875656013,-6.80943129246846,-8.047509709280908,-7.428470500874684,-8.047509709280908,-8.047509709280908,-8.66654891768713,-8.047509709280908,-8.66654891768713,-9.904627334499576,-11.14270575131202,-11.76174495971824,-16.0950194185618,-14.85694100174936,-12.99982337653069,-10.5236665429058,-11.76174495971824,-7.428470500874684,30.48221182641839,-5.571352875656013,-6.80943129246846,15.72067899347108,24.16947035069841,-8.047509709280908,-9.904627334499576,-9.285588126093353,-9.904627334499576,-8.047509709280908,-6.190392084062236,-10.5236665429058,-10.5236665429058,20.11512814814352,19.77502119602597,0,0,0,0,21.97224577336219,15.72067899347109,19.77502119602597,27.04690883226973,44.28459849884194,42.82876252156969,85.07271930770632,92.28343224812119
0,0,2.19722457733622,-0.6190392084062235,-1.238078416812447,-0.6190392084062235,-1.238078416812447,-1.238078416812447,-1.238078416812447,-0.6190392084062235,-0.6190392084062235,0,0,0,0,0,0,0,28.56391950537085,10.42825837410375,-1.795942929389796,25.7476557196284,14.14249362454109,-7.428470500874684,-8.047509709280908,-6.80943129246846,18.53694277921353,30.14210487430084,50.53616527873306,8.571140748885082,-9.285588126093353,-9.285588126093353,-6.469324340350911,30.14210487430084,26.36669492803463,57.12783901074172,38.65207092735705,-16.71405862696803,-16.71405862696803,-19.19021546059293,-19.80925466899915,-19.80925466899915,28.34616194491105,63.71951274275039,-1.857117625218671,6.591673732008658,0,0,0,0,0,0,0,0,0,0,0,0,0,0,0,61.52228816541417,82.59656247408142,5.659468794340578,-35.56416713544341,-35.90427408756097,-37.14235250437341,-37.76139171277963,-36.52331329596719,-21.66637229421783,-16.71405862696803,-14.85694100174936,45.52267691565439,39.55004239205195,-5.571352875656013,-6.80943129246846,-6.80943129246846,-8.047509709280908,-7.428470500874684,-6.80943129246846,-8.047509709280908,-6.80943129246846,-8.047509709280908,-8.047509709280908,-9.285588126093353,-8.66654891768713,-8.66654891768713,-11.14270575131202,-14.23790179334314,-13.61886258493691,-12.38078416812447,-13.61886258493691,-11.14270575131202,-10.5236665429058,6.652848427837533,27.3258410885584,-5.571352875656013,-5.571352875656013,1.918292321047544,9.129005261462428,-6.190392084062236,-11.14270575131202,14.20366832036997,30.14210487430084,27.3258410885584,-8.047509709280908,-4.952313667249789,-6.190392084062236,30.76114408270707,0,0,0,0,0,0,0,2.19722457733622,4.394449154672439,4.394449154672439,0,5.972634523602435,53.07349680818684
6.591673732008658,6.591673732008658,3.775409946266215,-1.857117625218671,4.394449154672439,-1.238078416812447,-1.238078416812447,2.19722457733622,2.19722457733622,2.19722457733622,2.19722457733622,0,0,0,0,0,0,0,15.38057204135354,35.15559323737951,28.9040264574884,38.3119639752395,39.89014934416951,43.66555929043572,48.6790476535144,50.87627223085062,34.59772872480215,30.82231877853594,37.07388555842706,27.66594804067595,29.52306566589462,16.06078594558864,31.72029024323084,19.4960889397373,23.55043114229219,28.56391950537085,45.52267691565439,41.18940245681085,47.78107618881951,49.97830076615573,27.44819048021616,21.81566290873127,31.10125103482462,32.95836866004328,30.76114408270707,0,0,0,0,0,0,0,0,0,0,0,0,0,0,0,0,0,13.18334746401732,72.84851800421279,73.93001355639431,79.90264807999674,60.18880157979969,56.75349858565102,37.65869129386014,51.12097101416612,79.90264807999675,66.44036835969078,30.44797835344523,154.1458273656527,151.608495836199,18.25801052292485,17.63897131451863,22.65245967759729,2.938613177400191,2.938613177400191,4.516798546330187,-1.1157290251547,-1.1157290251547,-12.38078416812447,-12.38078416812447,-4.551032019303365,-4.551032019303367,-2.074875185678472,42.70641312991195,52.73338985606928,34.87666098109083,32.06039719534839,29.24413340960594,26.70680188015218,41.12822776098195,19.15598198761975,7.271887636243756,7.271887636243758,36.73377860630951,13.86356136825242,10.42825837410375,12.00644374303375,12.00644374303375,14.14249362454109,16.06078594558863,28.28498724908217,30.14210487430084,16.95875741028354,19.15598198761975,-0.6190392084062235,-0.6190392084062235,-0.6190392084062235,-0.6190392084062235,-0.6190392084062235,-0.6190392084062235,2.19722457733622,0,0,0,0,6.591673732008658,13.18334746401732
